<!CONDORQ_TIME!>
1345230013
<!CONDORQ!>
1595 0 daniel.cruz 9 5 1 25 0 0 0 0 1344618058 0
1595 1 daniel.cruz 9 5 1 25 0 0 0 0 1344618058 0
1595 2 daniel.cruz 9 5 1 25 0 0 0 0 1344618058 0
1595 3 daniel.cruz 9 5 1 25 0 0 0 0 1344618058 0
1595 4 daniel.cruz 9 5 1 25 0 0 0 0 1344618058 0
1595 5 daniel.cruz 9 5 1 25 0 0 0 0 1344618058 0
1595 6 daniel.cruz 9 5 1 25 0 0 0 0 1344618058 0
1595 7 daniel.cruz 9 5 1 25 0 0 0 0 1344618058 0
1595 8 daniel.cruz 9 5 1 25 0 0 0 0 1344618058 0
1595 9 daniel.cruz 9 5 1 25 0 0 0 0 1344618058 0
1596 0 jkroe 9 5 1 25 0 0 0 0 1344622289 0
1596 1 jkroe 9 5 1 25 0 0 0 0 1344622289 0
1596 2 jkroe 9 5 1 25 0 0 0 0 1344622289 0
1596 3 jkroe 9 5 1 25 0 0 0 0 1344622289 0
1596 4 jkroe 9 5 1 25 0 0 0 0 1344622289 0
1596 5 jkroe 9 5 1 25 0 0 0 0 1344622289 0
1596 6 jkroe 9 5 1 25 0 0 0 0 1344622289 0
1596 7 jkroe 9 5 1 25 0 0 0 0 1344622289 0
1596 8 jkroe 9 5 1 25 0 0 0 0 1344622289 0
1596 9 jkroe 9 5 1 25 0 0 0 0 1344622289 0
1596 10 jkroe 9 5 1 25 0 0 0 0 1344622289 0
1596 11 jkroe 9 5 1 25 0 0 0 0 1344622289 0
1596 12 jkroe 9 5 1 25 0 0 0 0 1344622289 0
1596 13 jkroe 9 5 1 25 0 0 0 0 1344622289 0
1596 14 jkroe 9 5 1 25 0 0 0 0 1344622289 0
1596 15 jkroe 9 5 1 25 0 0 0 0 1344622289 0
1596 16 jkroe 9 5 1 25 0 0 0 0 1344622289 0
1596 17 jkroe 9 5 1 25 0 0 0 0 1344622289 0
1596 18 jkroe 9 5 1 25 0 0 0 0 1344622289 0
1596 19 jkroe 9 5 1 25 0 0 0 0 1344622289 0
1596 20 jkroe 9 5 1 25 0 0 0 0 1344622289 0
1596 21 jkroe 9 5 1 25 0 0 0 0 1344622289 0
1596 22 jkroe 9 5 1 25 0 0 0 0 1344622289 0
1596 23 jkroe 9 5 1 25 0 0 0 0 1344622289 0
1596 24 jkroe 9 5 1 25 0 0 0 0 1344622289 0
1596 25 jkroe 9 5 1 25 0 0 0 0 1344622289 0
1596 26 jkroe 9 5 1 25 0 0 0 0 1344622289 0
1596 27 jkroe 9 5 1 25 0 0 0 0 1344622289 0
1596 28 jkroe 9 5 1 25 0 0 0 0 1344622289 0
1596 29 jkroe 9 5 1 25 0 0 0 0 1344622289 0
1596 30 jkroe 9 5 1 25 0 0 0 0 1344622289 0
1596 31 jkroe 9 5 1 25 0 0 0 0 1344622289 0
1596 32 jkroe 9 5 1 25 0 0 0 0 1344622289 0
1596 33 jkroe 9 5 1 25 0 0 0 0 1344622289 0
1596 34 jkroe 9 5 1 25 0 0 0 0 1344622289 0
1596 35 jkroe 9 5 1 25 0 0 0 0 1344622289 0
1596 36 jkroe 9 5 1 25 0 0 0 0 1344622289 0
1596 37 jkroe 9 5 1 25 0 0 0 0 1344622289 0
1596 38 jkroe 9 5 1 25 0 0 0 0 1344622289 0
1596 39 jkroe 9 5 1 25 0 0 0 0 1344622289 0
1596 40 jkroe 9 5 1 25 0 0 0 0 1344622289 0
1596 41 jkroe 9 5 1 25 0 0 0 0 1344622289 0
1596 42 jkroe 9 5 1 25 0 0 0 0 1344622289 0
1596 43 jkroe 9 5 1 25 0 0 0 0 1344622289 0
1596 44 jkroe 9 5 1 25 0 0 0 0 1344622289 0
1596 45 jkroe 9 5 1 25 0 0 0 0 1344622289 0
1596 46 jkroe 9 5 1 25 0 0 0 0 1344622289 0
1596 47 jkroe 9 5 1 25 0 0 0 0 1344622289 0
1596 48 jkroe 9 5 1 25 0 0 0 0 1344622289 0
1596 49 jkroe 9 5 1 25 0 0 0 0 1344622289 0
1596 50 jkroe 9 5 1 25 0 0 0 0 1344622289 0
1596 51 jkroe 9 5 1 25 0 0 0 0 1344622289 0
1596 52 jkroe 9 5 1 25 0 0 0 0 1344622289 0
1596 53 jkroe 9 5 1 25 0 0 0 0 1344622289 0
1596 54 jkroe 9 5 1 25 0 0 0 0 1344622289 0
1596 55 jkroe 9 5 1 25 0 0 0 0 1344622289 0
1596 56 jkroe 9 5 1 25 0 0 0 0 1344622289 0
1596 57 jkroe 9 5 1 25 0 0 0 0 1344622289 0
1596 58 jkroe 9 5 1 25 0 0 0 0 1344622289 0
1596 59 jkroe 9 5 1 25 0 0 0 0 1344622289 0
1596 60 jkroe 9 5 1 25 0 0 0 0 1344622289 0
1596 61 jkroe 9 5 1 25 0 0 0 0 1344622289 0
1596 62 jkroe 9 5 1 25 0 0 0 0 1344622289 0
1596 63 jkroe 9 5 1 25 0 0 0 0 1344622289 0
1596 64 jkroe 9 5 1 25 0 0 0 0 1344622289 0
1596 65 jkroe 9 5 1 25 0 0 0 0 1344622289 0
1596 66 jkroe 9 5 1 25 0 0 0 0 1344622289 0
1596 67 jkroe 9 5 1 25 0 0 0 0 1344622289 0
1596 68 jkroe 9 5 1 25 0 0 0 0 1344622289 0
1596 69 jkroe 9 5 1 25 0 0 0 0 1344622289 0
1596 70 jkroe 9 5 1 25 0 0 0 0 1344622289 0
1596 71 jkroe 9 5 1 25 0 0 0 0 1344622289 0
1596 72 jkroe 9 5 1 25 0 0 0 0 1344622289 0
1596 73 jkroe 9 5 1 25 0 0 0 0 1344622289 0
1596 74 jkroe 9 5 1 25 0 0 0 0 1344622289 0
1596 75 jkroe 9 5 1 25 0 0 0 0 1344622289 0
1596 76 jkroe 9 5 1 25 0 0 0 0 1344622289 0
1596 77 jkroe 9 5 1 25 0 0 0 0 1344622289 0
1596 78 jkroe 9 5 1 25 0 0 0 0 1344622289 0
1596 79 jkroe 9 5 1 25 0 0 0 0 1344622289 0
1596 80 jkroe 9 5 1 25 0 0 0 0 1344622289 0
1596 81 jkroe 9 5 1 25 0 0 0 0 1344622289 0
1596 82 jkroe 9 5 1 25 0 0 0 0 1344622289 0
1596 83 jkroe 9 5 1 25 0 0 0 0 1344622289 0
1596 84 jkroe 9 5 1 25 0 0 0 0 1344622289 0
1596 85 jkroe 9 5 1 25 0 0 0 0 1344622289 0
1596 86 jkroe 9 5 1 25 0 0 0 0 1344622289 0
1596 87 jkroe 9 5 1 25 0 0 0 0 1344622289 0
1596 88 jkroe 9 5 1 25 0 0 0 0 1344622289 0
<!NULL!>
