1345143986	0	0	42.1 TiB	59.5 TiB
1345145756	0	0	42.1 TiB	59.5 TiB
1345147609	0	0	42.1 TiB	59.5 TiB
1345149427	0	0	42.1 TiB	59.5 TiB
1345151234	0	0	42.1 TiB	59.5 TiB
1345163768	0	0	44.2 TiB	59.5 TiB
1345165552	0	0	44.2 TiB	59.5 TiB
1345167379	0	0	44.2 TiB	59.5 TiB
1345169166	0	0	44.2 TiB	59.5 TiB
1345170970	0	0	44.2 TiB	59.5 TiB
1345172757	0	0	44.2 TiB	59.5 TiB
1345174567	0	0	44.2 TiB	59.5 TiB
1345176346	0	0	44.2 TiB	59.5 TiB
1345178185	0	0	44.2 TiB	59.5 TiB
1345179984	0	0	44.2 TiB	59.5 TiB
1345181810	0	0	44.2 TiB	59.5 TiB
1345183824	0	0	45.0 TiB	59.5 TiB
1345185393	0	0	45.0 TiB	59.5 TiB
1345187179	0	0	45.0 TiB	59.5 TiB
1345188988	0	0	45.0 TiB	59.5 TiB
1345190791	0	0	45.0 TiB	59.5 TiB
1345192616	0	0	45.0 TiB	59.5 TiB
1345194452	0	0	45.0 TiB	59.5 TiB
1345196231	0	0	45.0 TiB	59.5 TiB
1345197993	0	0	45.0 TiB	59.5 TiB
1345199794	0	0	45.0 TiB	59.5 TiB
1345201589	0	0	45.0 TiB	59.5 TiB
1345203388	0	0	45.0 TiB	59.5 TiB
1345205194	0	0	46.0 TiB	59.5 TiB
1345207008	0	0	46.0 TiB	59.5 TiB
1345208836	0	0	46.0 TiB	59.5 TiB
1345210609	0	0	46.0 TiB	59.5 TiB
1345212365	0	0	46.0 TiB	59.5 TiB
1345214213	0	0	46.0 TiB	59.5 TiB
1345215987	0	0	46.0 TiB	59.5 TiB
1345217770	0	0	46.0 TiB	59.5 TiB
1345219596	0	0	46.0 TiB	59.5 TiB
1345221376	0	0	46.0 TiB	59.5 TiB
1345223159	0	0	46.0 TiB	59.5 TiB
1345224951	0	0	46.0 TiB	59.5 TiB
1345226752	0	0	47.0 TiB	59.5 TiB
1345228556	0	0	47.0 TiB	59.5 TiB
