<!LOAD_TIME!>
1345230013
<!LOAD_BRAZOS!>
0.08
<!LOAD_HURR!>
0.19
<!LOAD_QUEUE_UTILIZATION!>
grid	256	0	0	0
hepx	320	259	1	0
hepxrt	0	0	0	0
bgsc	320	186	0	0
bgscrt	0	0	0	0
<!LOAD_NODE_UTILIZATION!>
272	312	1555	2840	5155.82999999999	2840	1120291616	9571137740	0	21657286208
<!LOAD_GLUSTERFS!>
0.0	0.0	0	0
0.0	0.0	0	0
0.0	0.0	0	0
0.0	0.0	0	0
0.0	0.0	0	0
0.0	0.0	0	0
0.0	0.0	0	0
0.0	0.0	0	0
0.0	0.0	0	0
0.0	0.0	0	0
0.0	0.0	0	0
0.0	0.0	0	0
0.0	0.0	0	0
0.0	0.0	0	0
0.0	0.0	0	0
0.0	0.0	0	0
0.0	0.0	0	0
0.0	0.0	0	0
0.0	0.0	0	0
0.0	0.0	0	0
0.0	0.0	0	0
0.0	0.0	0	0
<!LOAD_GRIDFTP_PROCESSES!>
0
<!NULL!>
