1319472315	2	1	13
1319474157	2	0	38
1319475917	2	0	38
1319477714	2	0	38
1319479513	2	0	38
1319481360	2	0	38
1319483114	2	0	38
1319484925	2	0	38
1319486714	2	1	38
1319488604	2	0	38
1319490319	2	0	38
1319492115	2	0	38
1319493928	2	0	38
1319495714	2	0	38
1319497515	2	0	38
1319499315	2	0	38
1319501114	2	1	38
1319502915	2	0	38
1319504715	2	0	38
1319506514	2	0	38
1319508333	2	0	38
1319510114	2	0	38
1319511917	2	0	38
1319513714	2	0	38
1319515514	2	1	38
1319517314	2	0	38
1319519119	2	0	38
1319520922	2	0	38
1319522717	2	0	38
1319524516	2	0	38
1319526316	2	0	38
1319528114	2	0	38
1319529924	2	1	38
1319531715	2	0	38
1319533515	2	0	38
1319535443	2	0	38
1319537115	2	0	38
1319538915	2	0	38
1319540872	2	0	38
1319542521	2	0	38
1319544323	2	1	38
1319546130	2	0	38
1319547915	2	0	38
1319549715	2	0	38
1319551519	2	0	38
1319553324	2	0	38
1319555131	2	0	38
1319556915	2	0	38
1319558717	2	0	38
1319560516	2	1	38
1319562316	2	0	38
1319564116	2	0	38
1319567716	2	0	38
1319569520	2	0	38
1319571316	2	0	38
1319573121	2	0	38
1319574920	2	1	38
1319576848	2	0	38
1319578516	2	0	38
1319580316	2	0	38
1319582156	2	0	38
1319583917	2	0	38
1319585716	2	0	38
1319587546	2	0	38
1319589315	2	0	38
1319591144	2	1	38
1319592920	2	0	38
1319594722	2	0	38
1319596523	2	0	38
1319598313	2	0	38
1319600114	2	0	38
1319601914	2	0	38
1319603713	2	0	38
1319605512	2	0	38
1319607314	2	1	38
1319609114	2	0	38
1319610913	2	0	38
1319612726	2	0	38
1319614514	2	0	38
1319616314	2	0	38
1319618114	2	0	38
1319619915	2	0	38
1319621727	2	1	38
1319623524	2	0	38
1319625314	2	0	38
1319627115	2	0	38
1319628914	2	0	38
1319630713	2	0	38
1319632514	2	0	38
1319634319	2	0	38
1319636116	2	0	38
1319637924	2	1	38
1319639728	2	0	38
1319641515	2	0	38
1319643533	2	0	38
1319645116	2	0	38
1319646920	2	0	38
1319648714	2	0	38
1319650613	2	0	38
1319652312	2	0	38
1319654113	2	1	38
1319655912	2	0	38
1319657896	2	0	50
1319659609	2	0	38
1319661319	2	0	38
1319663114	2	0	38
1319664915	2	0	38
1319666714	2	0	38
1319668515	2	1	38
1319670373	2	0	38
1319672118	2	0	38
1319673913	2	0	38
1319675714	2	0	38
1319677514	2	0	38
1319679317	2	0	38
1319681124	2	0	38
1319682914	2	1	38
1319684715	2	0	38
1319686513	2	0	38
1319688316	2	0	38
1319690115	2	0	38
1319691913	2	0	38
1319693712	2	0	38
1319695513	2	0	38
1319697313	2	1	38
1319699119	2	0	38
1319700926	2	0	38
1319702714	2	0	38
1319704515	2	0	38
1319706313	2	0	38
1319708147	2	0	38
1319709914	2	0	38
1319711715	2	1	38
1319713514	2	0	38
1319715314	2	0	38
1319717116	2	0	38
1319718913	2	0	38
1319720716	2	0	38
1319722517	2	0	38
1319724314	2	0	38
1319726117	2	1	38
1319727912	2	0	38
1319729801	2	0	38
1319731584	2	0	38
1319733312	2	0	38
1319735112	2	0	38
1319736915	2	0	38
1319738713	2	0	38
1319740516	2	1	38
1319742313	2	0	38
1319744113	2	0	38
1319745913	2	0	38
1319747713	2	0	38
1319749520	2	0	38
1319751316	2	0	38
1319753113	2	0	38
1319754914	2	1	38
1319756713	2	0	38
1319758515	2	0	38
1319760314	2	0	38
1319762115	2	0	38
1319763913	2	0	38
1319765714	2	0	38
1319767514	2	0	38
1319769312	2	1	38
1319771112	2	0	38
1319772915	2	0	38
1319774712	2	0	38
1319776514	2	0	38
1319776712	2	0	38
1319777633	2	0	38
1319777671	2	0	50
1319778313	2	0	50
1319778432	2	0	50
1319778802	2	0	50
1319780122	2	0	50
1319781921	2	0	50
1319783722	2	1	50
1319785519	2	0	50
1319787321	2	0	50
1319785519	2	0	50
1319787321	2	0	50
1319789120	2	0	50
1319790924	2	0	50
1319792737	2	0	50
1319794524	2	0	50
1319796335	2	0	50
1319798123	2	1	50
1319801876	2	0	50
1319801876	2	0	50
1319803701	2	0	50
1319805320	2	0	50
1319807122	2	0	50
1319808934	2	0	50
1319810750	2	0	50
1319812611	2	1	50
1319814322	2	0	50
1319816121	2	0	50
1319817922	2	0	50
1319819720	2	0	50
1319821522	2	0	50
1319823408	2	0	50
1319825123	2	0	50
1319826922	2	0	50
1319828721	2	1	50
1319830521	2	0	50
1319832320	2	0	50
1319834121	2	0	50
1319835922	2	0	50
1319837723	2	0	50
1319839521	2	0	50
1319841323	2	0	50
1319843119	2	1	50
1319844987	2	0	50
1319846721	2	0	50
1319848521	2	0	50
1319850318	2	0	50
1319852121	2	0	50
1319853922	2	0	50
1319855720	2	0	50
1319857522	2	1	50
1319859321	2	0	50
1319861119	2	0	50
1319862921	2	0	50
1319864719	2	0	50
1319866521	2	0	50
1319868320	2	0	50
1319870124	2	0	50
1319872119	2	1	50
1319873719	2	0	50
1319875523	2	0	50
1319877322	2	0	50
1319879120	2	0	50
1319880922	2	0	50
1319882723	2	0	50
1319884521	2	0	50
1319886320	2	0	50
1319888120	2	1	50
1319889920	2	0	50
1319891721	2	0	50
1319893531	2	0	50
1319895321	2	0	50
1319897126	2	0	50
1319898922	2	0	50
1319900733	2	0	50
1319902522	2	1	50
1319904320	2	0	50
1319906135	2	0	50
1319908113	2	0	50
1319909748	2	0	50
1319911519	2	0	50
1319913321	2	0	50
1319915119	2	0	50
1319916920	2	1	50
1319918720	2	0	50
1319920520	2	0	50
1319922325	2	0	50
1319924125	2	0	50
1319925919	2	0	50
1319927721	2	0	50
1319929520	2	0	50
1319931322	2	1	50
1319933118	2	0	50
1319934923	2	0	50
1319936720	2	0	50
1319938521	2	0	50
1319940321	2	0	50
1319942123	2	0	50
1319943950	2	0	50
1319945719	2	1	50
1319947520	2	0	50
1319949320	2	0	50
1319951121	2	0	50
1319952917	2	0	50
1319954719	2	0	50
1319956519	2	0	50
1319958320	2	0	50
1319960122	2	1	50
1319961920	2	0	50
1319963721	2	0	50
1319965523	2	0	50
1319967321	2	0	50
1319969120	2	0	50
1319970922	2	0	50
1319972721	2	0	50
1319974521	2	1	50
1319976322	2	0	50
1319978123	2	0	50
1319979920	2	0	50
1319981719	2	0	50
1319983520	2	0	50
1319985319	2	0	50
1319987210	2	0	50
1319988920	2	1	50
1319990720	2	0	50
1319992522	2	0	50
1319994319	2	0	50
1319996122	2	0	50
1319997927	2	0	50
1319999724	2	0	50
1320001521	2	0	50
1320003320	2	1	50
1320005118	2	0	50
1320006926	2	0	50
1320008720	2	0	50
1320010577	2	0	50
1320012318	2	0	50
1320014120	2	0	50
1320015924	2	0	50
1320017723	2	1	50
1320019521	2	0	50
1320021320	2	0	50
1320023122	2	0	50
1320024921	2	0	50
1320026718	2	0	50
1320028521	2	0	50
1320030321	2	0	50
1320032123	2	1	50
1320033923	2	0	50
1320035722	2	0	50
1320037521	2	0	50
1320039323	2	0	50
1320041123	2	0	50
1320042920	2	0	50
1320044723	2	0	50
1320046521	2	1	50
1320048321	2	0	50
1320050120	2	0	50
1320051919	2	0	50
1320053720	2	0	50
1320055539	2	0	50
1320057424	2	0	50
1320059138	2	0	50
1320060944	2	1	50
1320062740	2	0	50
1320064617	2	0	50
1320066415	2	0	50
1320068121	2	0	50
1320069924	2	0	50
1320071832	2	0	50
1320073550	2	0	50
1320075334	2	0	50
1320077141	2	1	50
1320078935	2	0	50
1320080727	2	0	50
1320082521	2	0	50
1320084323	2	0	50
1320086122	2	0	50
1320087920	2	0	50
1320089813	2	0	50
1320091521	2	0	50
1320093325	2	1	50
1320095123	2	0	63
1320096922	2	0	63
1320098727	2	0	63
1320100529	2	0	50
1320102345	2	0	50
1320104238	2	0	50
1320105938	2	0	50
1320107726	2	1	50
1320109527	2	0	50
1320111324	2	0	50
1320113122	2	0	50
1320114919	2	0	50
1320116722	2	0	50
1320118520	2	0	50
1320120324	2	0	50
1320122123	2	1	63
1320123924	2	0	50
1320125723	2	0	50
1320127525	2	0	50
1320129319	2	0	50
1320131120	2	0	50
1320132925	2	0	50
1320134731	2	0	50
1320136521	2	1	50
1320138324	2	0	50
1320140121	2	0	50
1320141932	2	0	50
1320143833	2	0	50
1320145523	2	0	50
1320147333	2	0	50
1320149141	2	0	50
1320150927	2	1	50
1320152720	2	0	50
1320154520	2	0	50
1320156328	2	0	50
1320158121	2	0	50
1320159922	2	0	50
1320161729	2	0	50
1320163529	2	0	50
1320165326	2	1	50
1320167134	2	0	50
1320168921	2	0	50
1320170722	2	0	50
1320172524	2	0	50
1320174328	2	0	50
1320176122	2	0	50
1320177920	2	0	50
1320179725	2	1	50
1320181522	2	0	50
1320183346	2	0	50
1320185122	2	0	50
1320186925	2	0	50
1320188732	2	0	50
1320190524	2	0	50
1320192322	2	0	50
1320194124	2	1	50
1320195923	2	0	50
1320197725	2	0	50
1320199526	2	0	50
1320201322	2	0	50
1320203123	2	0	50
1320204926	2	0	50
1320206725	2	0	50
1320208523	2	1	50
1320210325	2	0	50
1320212123	2	0	50
1320213924	2	0	50
1320215723	2	0	50
1320217523	2	0	50
1320219332	2	0	50
1320221123	2	0	50
1320222922	2	1	50
1320224724	2	0	50
1320226610	2	0	50
1320228330	2	0	50
1320230137	2	0	50
1320231939	2	0	50
1320233859	2	0	50
1320235526	2	0	50
1320237497	2	1	50
1320239219	2	0	50
1320240941	2	0	50
1320242738	2	0	50
1320244524	2	0	50
1320246326	2	0	50
1320248123	2	0	50
1320249921	2	0	50
1320251724	2	0	50
1320253633	2	1	50
1320255329	2	0	50
1320257120	2	0	50
1320258926	2	0	50
1320260722	2	0	50
1320262553	2	0	50
1320264090	2	0	50
1320264320	2	0	50
1320266140	2	0	50
1320268170	2	1	50
1320269722	2	0	50
1320271525	2	0	50
1320273418	2	0	50
1320275201	2	0	50
1320276926	2	0	50
1320278726	2	0	50
1320280523	2	0	50
1320282328	2	0	50
1320284124	2	1	50
1320285927	2	0	50
1320287724	2	0	50
1320289528	2	0	50
1320291323	2	0	50
1320293122	2	0	50
1320294924	2	0	50
1320296728	2	0	50
1320298722	2	1	50
1320300327	2	0	50
1320302124	2	0	50
1320303935	2	0	50
1320305739	2	0	50
1320307539	2	0	50
1320309321	2	0	50
1320311129	2	0	50
1320312925	2	0	50
1320314724	2	1	50
1320316716	2	0	50
1320318330	2	0	50
1320320125	2	0	50
1320321926	2	0	50
1320323733	2	0	50
1320325534	2	0	50
1320327335	2	0	50
1320329131	2	1	50
1320331013	2	0	50
1320332748	2	0	50
1320334664	2	0	50
1320336348	2	0	50
1320338153	2	0	50
1320340078	2	0	50
1320341755	2	0	50
1320343533	2	1	50
1320345479	2	0	50
1320347130	2	0	50
1320349137	2	0	50
1320350725	2	0	50
1320352534	2	0	50
1320354327	2	0	50
1320356164	2	0	50
1320357950	2	1	50
1320359766	2	0	50
1320361571	2	0	50
1320363430	2	0	50
1320365123	2	0	50
1320366930	2	0	50
1320368725	2	0	50
1320370526	2	0	50
1320372452	2	1	50
1320374124	2	0	50
1320375924	2	0	50
1320377721	2	0	50
1320379520	2	0	50
1320381322	2	0	50
1320383122	2	0	50
1320385017	2	0	50
1320386726	2	0	50
1320388533	2	1	50
1320390323	2	0	50
1320392122	2	0	50
1320393929	2	0	50
1320395734	2	0	50
1320397529	2	0	50
1320399331	2	0	50
1320401130	2	0	50
1320402936	2	1	50
1320404735	2	0	50
1320406622	2	0	50
1320408326	2	0	50
1320410127	2	0	50
1320411924	2	0	50
1320413725	2	0	50
1320415545	2	0	50
1320417324	2	0	50
1320419124	2	1	50
1320420927	2	0	50
1320422723	2	0	50
1320424599	2	0	50
1320426324	2	0	50
1320428241	2	0	50
1320429924	2	0	50
1320431725	2	0	50
1320433640	2	1	50
1320435326	2	0	50
1320437126	2	0	50
1320438979	2	0	50
1320440728	2	0	50
1320442528	2	0	50
1320444328	2	0	50
1320446127	2	0	50
1320447925	2	0	50
1320449730	2	1	50
1320451524	2	0	50
1320453338	2	0	50
1320455148	2	0	50
1320456937	2	0	50
1320458729	2	0	50
1320460532	2	0	50
1320462322	2	0	50
1320464128	2	1	50
1320465931	2	0	50
1320467728	2	0	50
1320469529	2	0	50
1320471328	2	0	50
1320473125	2	0	50
1320475034	2	0	50
1320476725	2	0	50
1320478524	2	1	50
1320480323	2	0	50
1320482126	2	0	50
1320483927	2	0	50
1320485731	2	0	50
1320487525	2	0	50
1320489328	2	0	50
1320491131	2	0	50
1320492932	2	1	50
1320494731	2	0	50
1320496532	2	0	50
1320498332	2	0	50
1320500129	2	0	50
1320501964	2	0	50
1320503736	2	0	50
1320505528	2	0	50
1320507366	2	1	50
1320509128	2	0	50
1320510930	2	0	50
1320512819	2	0	50
1320514650	2	0	50
1320516334	2	0	50
1320518201	2	0	50
1320520026	2	0	50
1320521732	2	0	50
1320523529	2	1	50
1320525330	2	0	50
1320527216	2	0	50
1320528963	2	0	50
1320530747	2	0	50
1320532533	2	0	50
1320534333	2	0	50
1320536129	2	0	50
1320537974	2	1	50
1320539727	2	0	50
1320541532	2	0	50
1320543328	2	0	50
1320545141	2	0	50
1320546925	2	0	50
1320548732	2	0	50
1320550526	2	0	50
1320552331	2	0	50
1320554208	2	1	50
1320555931	2	0	50
1320557727	2	0	50
1320559532	2	0	50
1320561329	2	0	50
1320563187	2	0	50
1320564930	2	0	50
1320566727	2	0	50
1320568528	2	0	50
1320570326	2	1	50
1320572174	2	0	50
1320573925	2	0	50
1320575755	2	0	50
1320577522	2	0	50
1320579334	2	0	50
1320581213	2	0	50
1320582932	2	0	50
1320584726	2	1	50
1320586529	2	0	50
1320588323	2	0	50
1320590126	2	0	50
1320591926	2	0	50
1320593729	2	0	50
1320595536	2	0	50
1320597336	2	0	50
1320599137	2	1	50
1320600930	2	0	50
1320602734	2	0	50
1320604537	2	0	50
1320606339	2	0	50
1320608129	2	0	50
1320609934	2	0	50
1320611732	2	0	50
1320613530	2	0	50
1320615334	2	1	50
1320617137	2	0	50
1320618929	2	0	50
1320620728	2	0	50
1320622528	2	0	50
1320624336	2	0	50
1320626219	2	0	50
1320627937	2	0	50
1320629735	2	1	50
1320631624	2	0	50
1320633334	2	0	50
1320635125	2	0	50
1320636926	2	0	50
1320638733	2	0	50
1320640536	2	0	50
1320642337	2	0	50
1320644133	2	1	50
1320645929	2	0	50
1320647727	2	0	50
1320649527	2	0	50
1320651333	2	0	50
1320653127	2	0	50
1320654927	2	0	50
1320656835	2	0	50
1320658532	2	1	50
1320660327	2	0	50
1320662373	2	0	50
1320663938	2	0	50
1320665742	2	0	50
1320667542	2	0	50
1320669416	2	0	50
1320671148	2	0	50
1320672956	2	1	50
1320674818	2	0	50
1320676613	2	0	50
1320678573	2	0	50
1320680332	2	0	50
1320682034	2	0	50
1320683741	2	0	50
1320685546	2	0	50
1320687355	2	1	50
1320689148	2	0	50
1320690926	2	0	50
1320692751	2	0	50
1320694531	2	0	50
1320696335	2	0	50
1320698142	2	0	50
1320699938	2	0	50
1320701731	2	0	50
1320703535	2	1	50
1320705358	2	0	50
1320707132	2	0	50
1320708936	2	0	50
1320710728	2	0	50
1320712522	2	0	50
1320714326	2	0	50
1320716127	2	0	50
1320717928	2	0	50
1320719723	2	1	50
1320721532	2	0	50
1320723320	2	0	50
1320725131	2	0	50
1320726931	2	0	50
1320728730	2	0	50
1320730529	2	0	50
1320732324	2	0	50
1320734129	2	1	50
1320735926	2	0	50
1320737725	2	0	50
1320739561	2	0	50
1320741329	2	0	50
1320743140	2	0	50
1320744934	2	0	50
1320746831	2	0	50
1320748529	2	1	50
1320750342	2	0	50
1320752165	2	0	50
1320753929	2	0	50
1320755749	2	0	50
1320757538	2	0	50
1320759330	2	0	50
1320761139	2	0	50
1320762946	2	1	50
1320764739	2	0	50
1320766536	2	0	50
1320768335	2	0	50
1320770142	2	0	50
1320772291	2	0	50
1320776488	2	0	50
1320777326	2	0	50
1320779133	2	1	50
1320780938	2	0	50
1320782736	2	0	50
1320784713	2	0	50
1320786769	2	0	63
1320788136	2	0	88
1320791734	2	0	63
1320793533	2	1	63
1320795337	2	0	63
1320797134	2	0	63
1320798936	2	0	63
1320800729	2	0	63
1320802581	2	0	63
1320804333	2	0	63
1320806136	2	0	63
1320807936	2	1	63
1320809721	2	0	63
1320811532	2	0	63
1320813334	2	0	63
1320815127	2	0	63
1320816930	2	0	63
1320818726	2	0	63
1320820524	2	0	63
1320822328	2	0	63
1320824126	2	1	63
1320825931	2	0	63
1320827729	2	0	63
1320829536	2	0	63
1320831338	2	0	63
1320833138	2	0	63
1320835020	2	0	63
1320837648	2	0	50
1320839120	2	1	50
1320840330	2	0	63
1320842133	2	0	63
1320843931	2	0	63
1320845726	2	0	63
1320847876	2	0	63
1320849332	2	0	63
1320851135	2	0	63
1320852931	2	0	63
1320854734	2	1	63
1320856543	2	0	63
1320858347	2	0	63
1320860140	2	0	63
1320861933	2	0	63
1320863733	2	0	63
1320865530	2	0	63
1320867326	2	0	63
1320869140	2	1	63
1320870933	2	0	63
1320872838	2	0	63
1320874534	2	0	63
1320876339	2	0	63
1320878135	2	0	63
1320879967	2	0	63
1320881733	2	0	63
1320883531	2	0	63
1320885330	2	1	63
1320887127	2	0	63
1320888936	2	0	63
1320890737	2	0	63
1320892536	2	0	63
1320894335	2	0	63
1320896309	2	0	63
1320897933	2	0	63
1320899732	2	1	63
1320901530	2	0	63
1320903334	2	0	63
1320905129	2	0	63
1320906927	2	0	63
1320908942	2	0	63
1320910535	2	0	63
1320912339	2	0	63
1320914134	2	1	63
1320916022	2	0	63
1320917736	2	0	63
1320919537	2	0	63
1320921333	2	0	63
1320923134	2	0	63
1320924935	2	0	63
1320926736	2	0	63
1320928524	2	0	63
1320930385	2	1	63
1320932135	2	0	63
1320934099	2	0	63
1320935731	2	0	63
1320937538	2	0	63
1320939335	2	0	63
1320941141	2	0	63
1320942950	2	0	63
1320944740	2	0	63
1320946543	2	1	63
1320948328	2	0	63
1320950126	2	0	63
1320951932	2	0	63
1320953745	2	0	63
1320955572	2	0	63
1320957335	2	0	63
1320959143	2	0	63
1320960933	2	0	63
1320962736	2	1	63
1320964533	2	0	63
1320966340	2	0	63
1320968138	2	0	63
1320969934	2	0	63
1320971730	2	0	63
1320973536	2	0	63
1320975334	2	0	63
1320977136	2	1	63
1320978936	2	0	63
1320980734	2	0	63
1320982529	2	0	63
1320984331	2	0	63
1320986130	2	0	63
1320987938	2	0	63
1320989736	2	0	63
1320991540	2	1	63
1320993326	2	0	63
1320995133	2	0	63
1320996938	2	0	63
1320998733	2	0	63
1321000539	2	0	63
1321002335	2	0	63
1321004135	2	0	63
1321005934	2	0	63
1321007726	2	1	63
1321009532	2	0	63
1321011335	2	0	63
1321013148	2	0	63
1321014935	2	0	63
1321016729	2	0	63
1321018533	2	0	63
1321020332	2	0	63
1321022133	2	1	63
1321023938	2	0	63
1321025755	2	0	63
1321027620	2	0	63
1326913521	2	1	13
1326915324	2	0	13
1326917199	2	0	13
1326918921	2	0	13
1326920724	2	0	13
1326922525	2	0	13
1326924324	2	0	13
1326926126	2	0	13
1326927925	2	1	13
1326929729	2	0	13
1326931525	2	0	13
1326933684	2	0	13
1326935124	2	0	13
1326936922	2	0	13
1326938721	2	0	13
1326940524	2	0	13
1326942322	2	1	13
1326944122	2	0	13
1326945922	2	0	13
1326947792	2	0	13
1326949524	2	0	13
1326951320	2	0	13
1326953122	2	0	13
1326954922	2	0	13
1326956721	2	1	13
1326958521	2	0	13
1326960324	2	0	13
1326962121	2	0	13
1326963924	2	0	13
1326965724	2	0	13
1326967526	2	0	13
1326969326	2	0	13
1326971214	2	1	13
1326972923	2	0	13
1326974721	2	0	13
1326976520	2	0	13
1326978321	2	0	13
1326980122	2	0	13
1326981923	2	0	13
1326983862	2	0	13
1326985521	2	0	13
1326987322	2	1	25
1326989121	2	0	13
1326990924	2	0	13
1326992723	2	0	13
1326994524	2	0	13
1326996327	2	0	13
1326998122	2	0	13
1326999920	2	0	13
1327001724	2	1	13
1327003520	2	0	13
1327005322	2	0	13
1327007124	2	0	13
1327008925	2	0	13
1327010725	2	0	13
1327012523	2	0	13
1327014322	2	0	13
1327016276	2	1	13
1327017923	2	0	13
1327019725	2	0	25
1327021521	2	0	38
1327023322	2	0	63
1327025124	2	0	100
1327026923	2	0	100
1327028723	2	0	100
1327030524	2	0	100
1327109727	2	1	88
1327111527	2	0	88
1327113325	2	0	88
1327115124	2	0	88
1327116925	2	0	88
1327118726	2	0	88
1327120525	2	0	88
1327122420	2	0	88
1327124124	2	1	88
1327125926	2	0	88
1327127724	2	0	88
1327129522	2	0	88
1327131327	2	0	88
1327133124	2	0	88
1327134924	2	0	88
1327136725	2	0	88
1327138524	2	1	88
1327140326	2	0	88
1327142122	2	0	88
1327143926	2	0	88
1327145724	2	0	88
1327147525	2	0	88
1327149323	2	0	88
1327151124	2	0	88
1327152925	2	1	88
1327154739	2	0	88
1327156525	2	0	88
1327158326	2	0	88
1327160125	2	0	88
1327161928	2	0	88
1327163723	2	0	88
1327165524	2	0	88
1327167329	2	1	88
1327169123	2	0	88
1327170933	2	0	88
1327172728	2	0	88
1327174531	2	0	88
1327176329	2	0	88
1327178129	2	0	88
1327179931	2	0	88
1327181730	2	1	88
1327183527	2	0	88
1327185327	2	0	88
1327187129	2	0	88
1327188922	2	0	88
1327190722	2	0	88
1327192523	2	0	88
1327194322	2	0	88
1327196123	2	0	88
1327197923	2	1	88
1327199724	2	0	88
1327201523	2	0	88
1327203324	2	0	88
1327205124	2	0	88
1327206924	2	0	88
1327208722	2	0	88
1327210523	2	0	88
1327212322	2	1	88
1327214122	2	0	88
1327215925	2	0	88
1327217722	2	0	88
1327219523	2	0	100
1327221323	2	0	100
1327223124	2	0	100
1327224923	2	0	100
1327226724	2	1	100
1327228523	2	0	100
1327230325	2	0	100
1327232124	2	0	100
1327233923	2	0	100
1327235724	2	0	100
1327237522	2	0	100
1327239322	2	0	100
1327241124	2	1	100
1327242926	2	0	100
1327244724	2	0	100
1327246525	2	0	100
1327298725	2	1	100
1327446341	2	1	89
1327740549	2	1	83
1327806324	2	1	78
1327808127	2	0	78
1327809924	2	0	78
1327811722	2	0	78
1327813524	2	0	78
1327815321	2	0	78
1327817122	2	0	78
1327818920	2	0	78
1327820723	2	1	78
1327822524	2	0	78
1327824325	2	0	78
1327826122	2	0	78
1327827924	2	0	78
1327829738	2	0	78
1327831541	2	0	78
1327833357	2	0	78
1327835166	2	1	78
1327836965	2	0	78
1327838761	2	0	78
1327841999	2	0	78
1327842377	2	0	78
1327844181	2	0	78
1327845974	2	0	78
1327847787	2	0	78
1327849552	2	0	78
1327851363	2	1	78
1327853159	2	0	78
1327854976	2	0	78
1327856774	2	0	78
1327858568	2	0	78
1327860366	2	0	78
1327862159	2	0	78
1327864060	2	0	78
1327865764	2	1	78
1327867568	2	0	78
1327869356	2	0	78
1327871170	2	0	89
1327872932	2	0	83
1327874731	2	0	83
1327876530	2	0	83
1327881928	2	1	83
1327883736	2	0	83
1327885535	2	0	83
1327887336	2	0	83
1327889139	2	0	83
1327890938	2	0	83
1327961125	2	1	39
1327962932	2	0	39
1327964729	2	0	33
1327966533	2	0	33
1327968334	2	0	33
1327970127	2	0	33
1327971924	2	0	33
1327973727	2	0	33
1327975615	2	1	33
1327977321	2	0	33
1327979126	2	0	33
1327980920	2	0	33
1327982724	2	0	33
1327984526	2	0	33
1327986328	2	0	33
1327988126	2	0	33
1327989927	2	0	33
1327991726	2	1	33
1327993530	2	0	39
1327995325	2	0	39
1327997122	2	0	39
1327998925	2	0	39
1328015554	2	1	67
1328018714	2	0	50
1328020556	2	0	50
1328023311	2	0	44
1328105114	2	1	56
1328106915	2	0	56
1328108713	2	0	56
1328110570	2	0	56
1328112321	2	0	56
1328114118	2	0	56
1328115923	2	0	56
1328117713	2	0	56
1328119513	2	1	56
1328121360	2	0	56
1328123114	2	0	56
1328124913	2	0	56
1328126715	2	0	56
1328128567	2	0	56
1328130314	2	0	56
1328132115	2	0	56
1328134003	2	1	56
1328135714	2	0	56
1328137696	2	0	56
1328139313	2	0	56
1328141121	2	0	56
1328142915	2	0	56
1328144714	2	0	56
1328146514	2	0	56
1328148316	2	0	56
1328150115	2	1	56
1328151914	2	0	56
1328153714	2	0	56
1328155514	2	0	56
1328157314	2	0	56
1328159114	2	0	56
1328160959	2	0	56
1328162714	2	0	56
1328164515	2	1	56
1328166372	2	0	56
1328168114	2	0	56
1328170055	2	0	56
1328171714	2	0	56
1328173514	2	0	56
1328175498	2	0	56
1328177205	2	0	56
1328178914	2	1	56
1328180715	2	0	56
1328182514	2	0	56
1328184313	2	0	56
1328186114	2	0	56
1328187915	2	0	56
1328189713	2	0	56
1328191513	2	0	56
1328193314	2	1	56
1328195113	2	0	56
1328196914	2	0	56
1328198737	2	0	56
1328200517	2	0	56
1328202315	2	0	67
1328204115	2	0	28
1328205935	2	0	17
1328207725	2	1	28
1328209513	2	0	28
1328211315	2	0	22
1328213115	2	0	22
1328214914	2	0	0
1328216713	2	0	0
1328218513	2	0	0
1328220314	2	0	0
1328222129	2	1	0
1328223917	2	0	0
1328225714	2	0	0
1328227515	2	0	0
1328229319	2	0	0
1328231117	2	0	0
1328232918	2	0	0
1328234717	2	0	0
1328236517	2	0	0
1328238314	2	1	0
1328240115	2	0	0
1328241915	2	0	0
1328243716	2	0	0
1328245515	2	0	0
1328247316	2	0	0
1328249115	2	0	0
1328250915	2	0	0
1328252782	2	1	0
1328254514	2	0	0
1328256321	2	0	0
1328258115	2	0	0
1328259914	2	0	0
1328261719	2	0	0
1328263514	2	0	0
1328265319	2	0	0
1328267123	2	0	0
1328268917	2	1	0
1328270719	2	0	0
1328272517	2	0	0
1328274319	2	0	0
1328276114	2	0	0
1328277914	2	0	0
1328279715	2	0	0
1328281516	2	0	0
1328283317	2	1	0
1328285114	2	0	0
1328286916	2	0	0
1328288716	2	0	6
1328290517	2	0	0
1328292314	2	0	0
1328294116	2	0	0
1328295916	2	0	0
1328297714	2	1	0
1328299517	2	0	22
1328301316	2	0	22
1328303115	2	0	22
1328304916	2	0	22
1328306714	2	0	22
1328308516	2	0	22
1328310315	2	0	22
1328312115	2	1	22
1328313915	2	0	22
1328315720	2	0	22
1328317516	2	0	22
1328319315	2	0	22
1328321117	2	0	22
1328322915	2	0	22
1328324716	2	0	22
1328326514	2	1	22
1328328315	2	0	22
1328330119	2	0	22
1328331918	2	0	22
1328333716	2	0	22
1328335515	2	0	22
1328337315	2	0	22
1328339117	2	0	22
1328340915	2	1	22
1328342716	2	0	22
1328344516	2	0	22
1328346316	2	0	22
1328348115	2	0	22
1328349915	2	0	22
1328351716	2	0	22
1328353515	2	0	22
1328355414	2	1	22
1328357117	2	0	22
1328358918	2	0	22
1328360715	2	0	22
1328362518	2	0	22
1328364323	2	0	22
1328366123	2	0	22
1328367928	2	0	22
1328369726	2	0	22
1328371572	2	1	44
1328373330	2	0	56
1328375126	2	0	56
1328376930	2	0	67
1328378730	2	0	67
1328380532	2	0	78
1328382354	2	0	78
1328384133	2	0	78
1328385935	2	0	78
1328387730	2	1	78
1328389529	2	0	78
1328391328	2	0	78
1328393125	2	0	78
1328394924	2	0	78
1328396735	2	0	78
1328398526	2	0	78
1328400328	2	0	89
1328402281	2	1	89
1328494716	2	1	89
1328505790	2	0	22
1328624906	2	1	22
1328630144	2	0	22
1328679313	2	1	78
1328681240	2	0	78
1328682914	2	0	78
1328684759	2	0	78
1328686619	2	0	78
1328688315	2	0	78
1328690114	2	0	78
1328691915	2	0	78
1328693714	2	1	78
1328695513	2	0	78
1328697314	2	0	78
1328699114	2	0	78
1328700914	2	0	78
1328702713	2	0	78
1328704515	2	0	78
1328706320	2	0	78
1328708257	2	1	78
1328709914	2	0	78
1328712061	2	0	78
1328714373	2	0	78
1328715636	2	0	78
1328717118	2	0	78
1328719177	2	0	78
1328720807	2	0	78
1328722514	2	0	78
1328724576	2	1	22
1328726115	2	0	78
1328729715	2	0	78
1328731730	2	0	78
1328733637	2	0	78
1328735117	2	0	78
1329316591	2	1	83
1329318391	2	0	83
1329320225	2	0	83
1329321930	2	0	83
1329323718	2	0	83
1329325612	2	0	83
1329327320	2	0	83
1329329116	2	0	83
1329330928	2	0	83
1329332821	2	1	83
1329334516	2	0	83
1329338184	2	0	83
1329339915	2	0	83
1329341727	2	0	83
1329343576	2	0	89
1329525316	2	1	78
1329883516	2	1	61
1329885347	2	0	61
1329887117	2	0	61
1329888915	2	0	61
1329890936	2	0	61
1329892515	2	0	61
1329894329	2	0	61
1329896116	2	0	61
1329897916	2	1	61
1329899722	2	0	39
1329901517	2	0	28
1329903316	2	0	28
1329905115	2	0	28
1329906945	2	0	28
1329908716	2	0	28
1329910515	2	0	28
1329912315	2	1	28
1329914141	2	0	33
1329915916	2	0	33
1329917771	2	0	33
1329919590	2	0	33
1329921316	2	0	33
1329923117	2	0	33
1329924916	2	0	33
1329926745	2	1	33
1329928515	2	0	33
1329930316	2	0	33
1329932214	2	0	33
1329933982	2	0	33
1329935768	2	0	33
1329937518	2	0	33
1329939467	2	0	44
1329941209	2	1	44
1329942921	2	0	44
1329944912	2	0	78
1329946516	2	0	83
1329948455	2	0	89
1329950116	2	0	89
1329952024	2	0	89
1329953773	2	0	89
1329955545	2	0	89
1329957439	2	1	89
1329959115	2	0	89
1329961008	2	0	89
1329962842	2	0	89
1329964524	2	0	89
1329966455	2	0	89
1329968300	2	0	89
1329969974	2	0	89
1329971715	2	0	89
1329973595	2	1	89
1329975500	2	0	89
1329977135	2	0	89
1329978963	2	0	89
1329980804	2	0	89
1329982515	2	0	89
1329984392	2	0	89
1329986115	2	0	89
1329987914	2	0	89
1329989751	2	1	89
1329991609	2	0	89
1329993460	2	0	89
1329995116	2	0	89
1329996916	2	0	89
1329998792	2	0	83
1330000514	2	0	89
1330002348	2	0	89
1330308317	2	1	89
1330423518	2	1	83
1330425316	2	0	83
1330427117	2	0	83
1330428916	2	0	83
1330430717	2	0	83
1330432517	2	0	83
1330434329	2	0	83
1330436119	2	0	83
1330437918	2	1	83
1330439771	2	0	83
1330441525	2	0	83
1330443321	2	0	83
1330445189	2	0	83
1330446917	2	0	83
1330448823	2	0	83
1330450605	2	0	83
1330452317	2	1	83
1330454220	2	0	83
1330455994	2	0	83
1330457949	2	0	83
1330459979	2	0	83
1330461560	2	0	83
1330463197	2	0	83
1330465021	2	0	72
1330466817	2	1	83
1330468627	2	0	83
1330470364	2	0	89
1330472161	2	0	89
1330474019	2	0	89
1330488337	2	1	89
1330490117	2	0	89
1330491918	2	0	89
1330493785	2	0	89
1330495688	2	0	89
1330497319	2	0	89
1330499148	2	0	89
1330501055	2	0	89
1330502717	2	0	89
1330504518	2	1	89
1330506423	2	0	89
1330508117	2	0	89
1330509918	2	0	89
1330511794	2	0	89
1330513693	2	0	89
1330515317	2	0	89
1330517181	2	0	89
1330518918	2	1	89
1330540519	2	1	89
1330542324	2	0	89
1330544121	2	0	89
1331527027	2	1	83
1331528866	2	0	78
1331530647	2	0	78
1331606136	2	1	83
1331607917	2	0	83
1331609770	2	0	83
1331611554	2	0	83
1331613318	2	0	83
1331615119	2	0	78
1331616917	2	0	83
1331618718	2	0	83
1331620552	2	1	83
1331622341	2	0	83
1331624118	2	0	83
1331625993	2	0	83
1331627718	2	0	83
1331629573	2	0	83
1331631318	2	0	83
1331633118	2	0	83
1331634989	2	1	83
1331636758	2	0	83
1331638682	2	0	83
1331640347	2	0	83
1331642243	2	0	83
1331644009	2	0	83
1331645718	2	0	83
1331647533	2	0	83
1331649318	2	0	83
1331651119	2	1	83
1331652972	2	0	83
1331654719	2	0	83
1331656596	2	0	83
1331658477	2	0	78
1331660117	2	0	72
1331661944	2	0	72
1331663775	2	0	72
1331665542	2	1	72
1331667318	2	0	72
1331669140	2	0	72
1331670919	2	0	72
1331672717	2	0	72
1331674565	2	0	72
1331676319	2	0	72
1331678117	2	0	72
1331679951	2	1	78
1331681721	2	0	78
1331683517	2	0	78
1331685318	2	0	78
1331687117	2	0	78
1331688958	2	0	78
1331690718	2	0	78
1331692518	2	0	78
1331694379	2	1	78
1331696118	2	0	78
1331697918	2	0	78
1331699776	2	0	78
1331701517	2	0	72
1331703317	2	0	72
1331705310	2	0	72
1331706918	2	0	72
1331708717	2	0	72
1331710518	2	1	72
1331712428	2	0	72
1331714119	2	0	72
1331715919	2	0	72
1331717718	2	0	72
1331719518	2	0	72
1331721319	2	0	72
1331723191	2	0	72
1331724918	2	1	67
1331726719	2	0	67
1331728534	2	0	67
1331730319	2	0	67
1331732178	2	0	67
1331733917	2	0	67
1331735717	2	0	67
1331737563	2	0	67
1331739319	2	1	67
1331741118	2	0	67
1331742927	2	0	67
1331744796	2	0	67
1331746519	2	0	67
1331748464	2	0	67
1331750119	2	0	67
1331751918	2	0	67
1331753744	2	1	67
1331755517	2	0	56
1331757318	2	0	56
1331759118	2	0	56
1331760918	2	0	56
1331762717	2	0	56
1331764518	2	0	56
1331766369	2	0	56
1331768118	2	0	50
1331769921	2	1	50
1331771779	2	0	50
1331773519	2	0	50
1331775319	2	0	50
1331777349	2	0	50
1331778917	2	0	50
1331780720	2	0	50
1331782518	2	0	50
1331784544	2	1	56
1331786118	2	0	50
1331787918	2	0	50
1331789717	2	0	61
1331791590	2	0	61
1331793318	2	0	61
1331795117	2	0	61
1331796932	2	0	61
1331798717	2	0	61
1331800517	2	1	61
1331802317	2	0	61
1331804118	2	0	61
1331805917	2	0	61
1331807733	2	0	61
1331809518	2	0	61
1331811317	2	0	67
1331813152	2	0	78
1331814917	2	1	78
1331816719	2	0	78
1331818644	2	0	78
1331820681	2	0	78
1331822234	2	0	78
1331823917	2	0	78
1331825717	2	0	78
1331827602	2	0	78
1331829403	2	1	78
1331831132	2	0	78
1331832917	2	0	89
1331834716	2	0	89
1331836521	2	0	89
1331838317	2	0	89
1331840118	2	0	89
1331841923	2	0	89
1331843725	2	0	89
1331845517	2	1	89
1331847317	2	0	89
1331849117	2	0	89
1331851053	2	0	89
1331962518	2	1	89
1331964317	2	0	89
1331966118	2	0	89
1331967917	2	0	89
1331969718	2	0	89
1331971517	2	0	89
1331973317	2	0	89
1331975117	2	0	89
1331976918	2	1	89
1331978718	2	0	89
1331980517	2	0	89
1331982317	2	0	89
1331984117	2	0	78
1331985918	2	0	78
1331987717	2	0	78
1331989518	2	0	78
1331991318	2	1	78
1331993120	2	0	78
1331994931	2	0	78
1331996719	2	0	78
1331998525	2	0	78
1332000317	2	0	78
1332002119	2	0	78
1332003917	2	0	78
1332005718	2	1	78
1332007517	2	0	78
1332009317	2	0	78
1332011117	2	0	78
1332012917	2	0	78
1332014717	2	0	78
1332016518	2	0	78
1332018317	2	0	78
1332020118	2	1	78
1332021917	2	0	78
1332023717	2	0	78
1332025558	2	0	78
1332027317	2	0	78
1332029117	2	0	78
1332030917	2	0	78
1332032717	2	0	78
1332034517	2	1	78
1332036317	2	0	78
1332038117	2	0	78
1332039917	2	0	78
1332041718	2	0	78
1332043679	2	0	78
1332045317	2	0	78
1332047118	2	0	78
1332048917	2	1	78
1332050717	2	0	78
1332052517	2	0	78
1332054317	2	0	78
1332056117	2	0	78
1332057919	2	0	78
1332059717	2	0	78
1332061518	2	0	78
1332063321	2	1	78
1332065118	2	0	78
1332066917	2	0	78
1332068717	2	0	78
1332070518	2	0	78
1332072317	2	0	78
1332074119	2	0	78
1332075918	2	0	78
1332077718	2	1	78
1332079517	2	0	78
1332081318	2	0	78
1332083118	2	0	78
1332084919	2	0	78
1332086717	2	0	78
1332088518	2	0	78
1332090318	2	0	78
1332092117	2	1	78
1332093917	2	0	78
1332095717	2	0	78
1332097520	2	0	78
1332099317	2	0	78
1332101118	2	0	78
1332102918	2	0	78
1332104717	2	0	78
1332106518	2	1	78
1332108318	2	0	78
1332110118	2	0	78
1332111919	2	0	78
1332113717	2	0	78
1332115518	2	0	78
1332117318	2	0	78
1332119118	2	0	78
1332120918	2	1	78
1332122718	2	0	78
1332124519	2	0	78
1332126318	2	0	78
1332128118	2	0	78
1332129918	2	0	78
1332131717	2	0	78
1332133518	2	0	78
1332135319	2	1	78
1332137117	2	0	78
1332138917	2	0	78
1332140718	2	0	78
1332142518	2	0	78
1332144318	2	0	78
1332146118	2	0	78
1332147918	2	0	78
1332149724	2	1	78
1332151517	2	0	78
1332153318	2	0	78
1332155118	2	0	78
1332156918	2	0	72
1332158717	2	0	72
1332160517	2	0	72
1332162451	2	0	72
1332164117	2	0	72
1332166000	2	1	72
1332167717	2	0	72
1332169518	2	0	72
1332171317	2	0	72
1332173118	2	0	72
1332175060	2	0	78
1332176718	2	0	83
1332178517	2	0	83
1332180318	2	0	83
1332182117	2	1	83
1332493518	2	1	83
1332495319	2	0	83
1332497119	2	0	83
1332498919	2	0	83
1332500719	2	0	78
1332502593	2	0	72
1332504318	2	0	72
1332506121	2	0	72
1332507918	2	1	72
1332509821	2	0	72
1332511600	2	0	72
1332513317	2	0	72
1332515118	2	0	72
1332516917	2	0	72
1332518728	2	0	72
1332520518	2	0	72
1332522318	2	1	67
1332524117	2	0	72
1332525918	2	0	72
1332527730	2	0	72
1332529866	2	0	72
1332531317	2	0	72
1332533119	2	0	72
1332534919	2	0	72
1332536717	2	1	72
1332538517	2	0	72
1332540317	2	0	72
1332542117	2	0	72
1332543917	2	0	78
1332545718	2	0	83
1332547517	2	0	83
1332549317	2	0	83
1332551117	2	1	83
1332552917	2	0	83
1332554717	2	0	83
1332556517	2	0	83
1332558317	2	0	83
1332560117	2	0	83
1332561917	2	0	83
1332563717	2	0	83
1332565517	2	1	83
1332567317	2	0	83
1332569117	2	0	83
1332570917	2	0	83
1332572718	2	0	83
1332574516	2	0	83
1332576318	2	0	83
1332578118	2	0	83
1332579918	2	1	83
1332581718	2	0	83
1332583519	2	0	83
1332585317	2	0	83
1332588917	2	0	83
1332590719	2	0	83
1332592518	2	0	83
1332594319	2	1	83
1332596118	2	0	83
1332597917	2	0	83
1332599718	2	0	83
1332601518	2	0	83
1332603317	2	0	83
1332605118	2	0	83
1332606918	2	0	83
1332608719	2	1	78
1332610517	2	0	83
1332612318	2	0	83
1332614117	2	0	83
1332615918	2	0	83
1332617718	2	0	83
1332619518	2	0	83
1332621318	2	0	89
1332623236	2	1	89
1332624918	2	0	89
1332626718	2	0	89
1332628517	2	0	89
1332630408	2	0	83
1332632118	2	0	89
1332633919	2	0	89
1332635717	2	0	89
1332637519	2	0	89
1332639318	2	1	89
1332641118	2	0	89
1332642918	2	0	89
1332644718	2	0	89
1332646519	2	0	89
1332648318	2	0	89
1332650264	2	0	89
1332651918	2	0	83
1332653718	2	1	89
1332655517	2	0	89
1332657316	2	0	89
1332659117	2	0	89
1332660917	2	0	89
1332662717	2	0	89
1332664517	2	0	89
1332666316	2	0	89
1332668117	2	1	89
1332669930	2	0	89
1332671717	2	0	89
1332763519	2	1	89
1332765319	2	0	89
1332767119	2	0	89
1332768919	2	0	89
1332770735	2	0	89
1332772521	2	0	89
1332774378	2	0	89
1332776119	2	0	89
1332777918	2	1	89
1332779781	2	0	89
1332781519	2	0	89
1332783319	2	0	89
1332785126	2	0	89
1332786922	2	0	89
1332788719	2	0	89
1332790518	2	0	89
1332792320	2	1	89
1332794121	2	0	89
1332795920	2	0	89
1332797719	2	0	89
1332799534	2	0	89
1332801320	2	0	89
1332803119	2	0	89
1332804917	2	0	89
1332806717	2	1	89
1332808518	2	0	89
1332810317	2	0	89
1332812117	2	0	89
1332813922	2	0	89
1332815716	2	0	89
1332817518	2	0	89
1332819512	2	0	89
1332821118	2	1	89
1332822917	2	0	89
1332824717	2	0	89
1332826519	2	0	89
1332828317	2	0	89
1332830118	2	0	89
1332831917	2	0	89
1332833717	2	0	89
1332835517	2	1	89
1332837318	2	0	89
1332839118	2	0	89
1332840918	2	0	89
1332842718	2	0	89
1332844518	2	0	89
1332846325	2	0	83
1332848119	2	0	89
1334621118	2	1	89
1334622918	2	0	89
1334624921	2	0	89
1334626518	2	0	89
1334628828	2	0	83
1334630118	2	0	89
1334632505	2	0	78
1334633718	2	0	89
1334635576	2	1	89
1334637318	2	0	89
1334639286	2	0	89
1334640918	2	0	89
1334642718	2	0	89
1334644729	2	0	89
1334646318	2	0	83
1334648237	2	0	89
1334651718	2	1	89
1334653531	2	0	89
1334655318	2	0	89
1334657118	2	0	89
1334658922	2	0	89
1334660718	2	0	89
1334663216	2	0	89
1334664318	2	0	89
1334666118	2	1	89
1334668024	2	0	89
1334669892	2	0	78
1334671817	2	0	89
1334673619	2	0	89
1334696718	2	1	89
1334698518	2	0	89
1334768197	2	1	78
1334922105	2	1	78
1335343263	2	1	78
1335536048	2	1	78
1335884718	2	1	72
1335887406	2	0	72
1335888318	2	0	72
1335890120	2	0	72
1335891918	2	0	72
1335893718	2	0	72
1335895862	2	0	72
1335897319	2	0	72
1335899120	2	1	72
1335901061	2	0	72
1335903498	2	0	72
1335904518	2	0	72
1335906318	2	0	72
1335908118	2	0	72
1335909918	2	0	72
1335911720	2	0	72
1335913708	2	1	72
1335915318	2	0	72
1335917118	2	0	72
1335918918	2	0	72
1335920719	2	0	72
1335922518	2	0	72
1335924477	2	0	72
1335926118	2	0	72
1335927919	2	0	72
1335929988	2	1	72
1335931518	2	0	72
1335933318	2	0	72
1335935118	2	0	72
1335936918	2	0	72
1335938718	2	0	72
1335940518	2	0	72
1335944119	2	0	72
1335945918	2	1	72
1335947746	2	0	72
1335949522	2	0	72
1335953118	2	0	72
1335954918	2	0	72
1335969865	2	1	72
1335975228	2	0	61
1335976519	2	0	72
1335978371	2	0	72
1335980119	2	0	72
1336023318	2	1	78
1336025118	2	0	78
1336026918	2	0	78
1336030518	2	0	72
1336032319	2	0	72
1336034128	2	0	72
1336035929	2	0	72
1336037718	2	1	72
1336039519	2	0	72
1336041319	2	0	72
1336043118	2	0	72
1336044919	2	0	72
1336046727	2	0	72
1336048632	2	0	72
1336050959	2	0	67
1336052118	2	1	72
1336053919	2	0	72
1336055719	2	0	72
1336057530	2	0	72
1336059319	2	0	72
1336061118	2	0	72
1336062918	2	0	72
1336064732	2	0	67
1336066518	2	1	72
1336068319	2	0	72
1336070118	2	0	72
1336072073	2	0	78
1336073719	2	0	83
1336079118	2	0	83
1336081034	2	1	83
1336082718	2	0	83
1336084518	2	0	83
1336086319	2	0	83
1336088119	2	0	83
1336089918	2	0	83
1336091719	2	0	83
1336093520	2	0	83
1336095400	2	0	83
1336097270	2	1	83
1340663719	2	1	67
1340665518	2	0	67
1340667318	2	0	67
1340669119	2	0	67
1340670918	2	0	67
1340674519	2	0	67
1340676490	2	0	67
1340678118	2	1	67
1340679918	2	0	67
1340681718	2	0	67
1340683519	2	0	67
1340685319	2	0	67
1340699899	2	1	67
1340708899	2	0	67
1340725147	2	1	67
1340733918	2	0	67
1340735719	2	0	67
1340737518	2	0	67
1342730123	2	1	72
1342731920	2	0	72
1342733719	2	0	72
1342735519	2	0	72
1342737319	2	0	72
1342739120	2	0	67
1342740919	2	0	67
1342742719	2	0	67
1342744519	2	1	67
1342746319	2	0	67
1342748120	2	0	67
1342749919	2	0	67
1342751721	2	0	67
1342753519	2	0	67
1342755320	2	0	67
1342757119	2	0	67
1342758919	2	1	67
1342760720	2	0	67
1342762520	2	0	67
1342764319	2	0	67
1342766120	2	0	67
1342767919	2	0	72
1342769720	2	0	72
1342771533	2	0	72
1342773357	2	1	72
1342775178	2	0	72
1342776920	2	0	72
1342778721	2	0	72
1342780521	2	0	72
1342782320	2	0	72
1342784119	2	0	72
1342785919	2	0	72
1342787719	2	0	72
1342789520	2	1	72
1342791320	2	0	72
1342793119	2	0	72
1342794919	2	0	61
1342796719	2	0	67
1342798520	2	0	67
1342800320	2	0	67
1342802119	2	0	67
1342803920	2	1	67
1342805720	2	0	67
1342807519	2	0	67
1342809319	2	0	67
1342811119	2	0	67
1342812920	2	0	72
1342814719	2	0	72
1342816519	2	0	72
1342818319	2	1	72
1342820119	2	0	72
1342821918	2	0	72
1342823722	2	0	72
1342825518	2	0	72
1342827321	2	0	72
1342829118	2	0	72
1342830919	2	0	72
1342832719	2	1	72
1342834520	2	0	72
1342836318	2	0	72
1342838119	2	0	72
1342839919	2	0	72
1342841719	2	0	72
1342843518	2	0	72
1342845318	2	0	72
1342847119	2	1	72
1342848919	2	0	72
1342850718	2	0	72
1342852519	2	0	72
1342854320	2	0	72
1342856125	2	0	72
1342857919	2	0	72
1342859719	2	0	72
1342861519	2	1	72
1342863319	2	0	72
1342865123	2	0	72
1342866920	2	0	72
1343100917	2	1	67
1343102718	2	0	67
1343104516	2	0	67
1343106317	2	0	67
1343108117	2	0	67
1343109917	2	0	67
1343111717	2	0	67
1343113518	2	0	67
1343115317	2	1	67
1343117116	2	0	67
1343118917	2	0	67
1343120759	2	0	67
1343122517	2	0	67
1343124351	2	0	67
1343126117	2	0	67
1343127916	2	0	67
1343129718	2	1	67
1343131518	2	0	67
1343133317	2	0	67
1343135119	2	0	67
1343136916	2	0	67
1343138717	2	0	67
1343140516	2	0	67
1343142317	2	0	67
1343144130	2	1	67
1343145917	2	0	67
1343147718	2	0	67
1343149516	2	0	67
1343151318	2	0	67
1343153116	2	0	67
1343154916	2	0	67
1343156717	2	0	67
1343158517	2	0	67
1343160316	2	1	67
1343162116	2	0	67
1343163916	2	0	67
1343165716	2	0	67
1343167518	2	0	67
1343169317	2	0	67
1343171117	2	0	67
1343172917	2	0	67
1343174717	2	1	67
1343176517	2	0	67
1343178316	2	0	67
1343180116	2	0	67
1343181917	2	0	67
1344024322	2	1	56
1344026122	2	0	56
1344027922	2	0	56
1344029781	2	0	56
1344031522	2	0	56
1344033323	2	0	50
1344035153	2	0	56
1344036923	2	0	61
1344038735	2	1	61
1344040587	2	0	61
1344042458	2	0	61
1344044121	2	0	61
1344045921	2	0	61
1344047762	2	0	61
1344049526	2	0	72
1344051323	2	0	72
1344053124	2	0	72
1344054923	2	1	72
1344056722	2	0	67
1344058523	2	0	72
1344060379	2	0	72
1344062123	2	0	72
1344063923	2	0	67
1344065751	2	0	67
1344067525	2	0	67
1344069323	2	1	67
1344071123	2	0	67
1344072923	2	0	67
1344074725	2	0	67
1344076524	2	0	67
1344078384	2	0	61
1344080125	2	0	61
1344081923	2	0	61
1344083756	2	1	61
1344085524	2	0	61
1344087323	2	0	61
1344089124	2	0	61
1344090997	2	0	61
1344092727	2	0	61
1344094523	2	0	61
1344096349	2	0	61
1344098123	2	0	61
1344099924	2	1	61
1344101723	2	0	67
1344103523	2	0	67
1344105322	2	0	67
1344107181	2	0	67
1344108925	2	0	67
1344110729	2	0	67
1344112555	2	0	67
1344114322	2	1	67
1344686713	2	1	83
1344688514	2	0	83
1344690313	2	0	83
1344692112	2	0	83
1344693915	2	0	83
1344695713	2	0	72
1344697513	2	0	72
1344699314	2	0	72
1344701113	2	1	72
1344702912	2	0	72
1344704713	2	0	72
1344706514	2	0	67
1344708316	2	0	67
1344710113	2	0	67
1344711912	2	0	67
1344713713	2	0	67
1344715515	2	1	67
1344717314	2	0	67
1344719113	2	0	67
1344773116	2	1	89
1344774912	2	0	89
1344776711	2	0	89
1344778512	2	0	89
1344780311	2	0	89
1344782111	2	0	89
1344783912	2	0	89
1344785714	2	0	89
1344787514	2	1	89
1344789319	2	0	89
1344791117	2	0	83
1344801913	2	1	78
1344803713	2	0	67
1344805512	2	0	67
1344807312	2	0	67
1344809113	2	0	67
1344810913	2	0	67
1344812712	2	0	67
1344814513	2	0	67
1344816313	2	1	67
1344818113	2	0	67
1344819913	2	0	67
1344821713	2	0	67
1344823513	2	0	67
1344825313	2	0	67
1344827113	2	0	67
1344828913	2	0	67
1344830713	2	1	67
1344832512	2	0	67
1344834313	2	0	67
1344836111	2	0	67
1344837912	2	0	67
1344839712	2	0	67
1344841511	2	0	67
1344843312	2	0	67
1344845112	2	1	67
1344846912	2	0	67
1344848711	2	0	67
1344850513	2	0	67
1344852315	2	0	67
1344854112	2	0	67
1344855911	2	0	67
1344857712	2	0	67
1344859511	2	1	67
1344861312	2	0	67
1344863112	2	0	67
1344864912	2	0	67
1344866711	2	0	67
1344868511	2	0	67
1344870312	2	0	67
1344872112	2	0	78
1344873912	2	1	78
1344875712	2	0	78
1344877512	2	0	78
1344879312	2	0	89
1344881111	2	0	89
1344882913	2	0	89
1344884712	2	0	89
1344886511	2	0	89
1344886735	2	0	89
1344888310	2	1	89
