1322172463	2	1
1322179664	2	0
1322190462	2	1
1322192263	2	0
1322212063	2	1
1322507263	2	1
1322509063	2	0
1322510863	2	0
1322512663	2	0
1322514463	2	0
1322516263	2	0
1322521663	2	1
1322523463	2	0
1322525263	2	0
1322530663	2	0
1322534263	2	0
1322536063	2	1
1322537863	2	0
1322541463	2	0
1322546863	2	0
1322548662	2	0
1322550463	2	1
1322552263	2	0
1322554063	2	0
1322555862	2	0
1322557663	2	0
1322559463	2	0
1322561263	2	0
1322563063	2	0
1322584663	2	1
1322586463	2	0
1322609863	2	1
1322611665	2	0
1322613463	2	0
1322683662	2	1
1322685463	2	0
1322687263	2	0
1322689063	2	0
1322771863	2	1
1322793463	2	1
1322795263	2	0
1322798862	2	0
1322800662	2	0
1322811463	2	1
1322813263	2	0
1322815063	2	0
1322816863	2	0
1322818663	2	0
1322820462	2	0
1322822262	2	0
1322824062	2	0
1322825863	2	1
1322827662	2	0
1322829462	2	0
1322831263	2	0
1322833063	2	0
1322834863	2	0
1322836663	2	0
1322838463	2	0
1322840262	2	1
1322842062	2	0
1322843863	2	0
1322845663	2	0
1322847463	2	0
1322849263	2	0
1322851062	2	0
1322852863	2	0
1322854663	2	1
1322856463	2	0
1322858263	2	0
1322860062	2	0
1322861863	2	0
1322863663	2	0
1322865462	2	0
1322867263	2	0
1323000462	2	1
1323040063	2	1
1323041863	2	0
1323043663	2	0
1323045463	2	0
1323047263	2	0
1323049063	2	0
1323050863	2	0
1323052663	2	0
1323054463	2	1
1323056263	2	0
1323058063	2	0
1323059863	2	0
1323061663	2	0
1323063463	2	0
1323065263	2	0
1323067077	2	0
1323068863	2	1
1323081462	2	0
1323083266	2	1
1323103064	2	1
1323104862	2	0
1323106667	2	0
1323115663	2	0
1323117463	2	1
1323119263	2	0
1323121063	2	0
1323126463	2	0
1323317263	2	1
1323319063	2	0
1323320863	2	0
1323338863	2	1
1323340663	2	0
1323342462	2	0
1323344262	2	0
1323346063	2	0
1323347862	2	0
1323349663	2	0
1323351462	2	0
1323353263	2	1
1323355063	2	0
1323356863	2	0
1323358662	2	0
1323365863	2	0
1323383863	2	1
1323385663	2	0
1323387463	2	0
1323392862	2	0
1323400063	2	1
1323405462	2	0
1323446862	2	1
1323454063	2	0
1323459463	2	0
1323466662	2	1
1323473863	2	0
1323479263	2	0
1323481063	2	1
1323482863	2	0
1323484663	2	0
1323486463	2	0
1323495463	2	1
1323497263	2	0
1323499063	2	0
1323502663	2	0
1323511663	2	1
1323517062	2	0
1323556663	2	1
1323560263	2	0
1323567463	2	0
1323571063	2	1
1323695263	2	1
1323697063	2	0
1323698862	2	0
1323700662	2	0
1323729462	2	1
1323731263	2	0
1323734863	2	0
1323736663	2	0
1323738463	2	0
1323745663	2	1
1323747462	2	0
1323749263	2	0
1323751063	2	0
1323752863	2	0
1323754662	2	0
1323756462	2	0
1323765463	2	1
1323770862	2	0
1323778063	2	0
1323781663	2	1
1323783463	2	0
1323785262	2	0
1323787062	2	0
1323788863	2	0
1323790663	2	0
1323792463	2	0
1323794263	2	0
1323796062	2	1
1323797863	2	0
1323799663	2	0
1323801462	2	0
1323803263	2	0
1323805063	2	0
1323806863	2	0
1323808662	2	0
1323810463	2	1
1323812263	2	0
1323814062	2	0
1323815863	2	0
1323824863	2	1
1323826663	2	0
1323828463	2	0
1323830262	2	0
1323832063	2	0
1323833863	2	0
1323835662	2	0
1323837462	2	0
1323839263	2	1
1323841063	2	0
1323842863	2	0
1323844662	2	0
1323846463	2	0
1323848263	2	0
1323853663	2	1
1323855463	2	0
1323857263	2	0
1323859063	2	0
1323860863	2	0
1323862663	2	0
1323868063	2	1
1323869863	2	0
1323871663	2	0
1323873463	2	0
1323875263	2	0
1323877063	2	0
1323878863	2	0
1323882463	2	1
1323886063	2	0
1323891463	2	0
1323893263	2	0
1323895062	2	0
1323896863	2	1
1323907663	2	0
1323923863	2	1
1323932862	2	0
1323994062	2	1
1323995863	2	0
1323997663	2	0
1323999463	2	0
1324001263	2	0
1324003063	2	0
1324004863	2	0
1324006662	2	0
1324008463	2	1
1324010262	2	0
1324012063	2	0
1324013862	2	0
1324015663	2	0
1324017463	2	0
1324019262	2	0
1324021063	2	0
1324022862	2	1
1324024663	2	0
1324026463	2	0
1324028263	2	0
1324030063	2	0
1324031862	2	0
1324033663	2	0
1324035463	2	0
1324037263	2	1
1324039062	2	0
1324062463	2	1
1324064263	2	0
1324066063	2	0
1324067863	2	0
1324069662	2	0
1324071463	2	0
1324336063	2	1
1324445863	2	1
1324456662	2	0
1324458463	2	0
1324460262	2	1
1324476462	2	1
1324478263	2	0
1324480062	2	0
1324481863	2	0
1324483663	2	0
1324485463	2	0
1324487263	2	0
1324489063	2	0
1324490863	2	1
1324492663	2	0
1324494463	2	0
1324496262	2	0
1324498062	2	0
1324499863	2	0
1324501663	2	0
1324503463	2	0
1324505263	2	1
1324507062	2	0
1324508863	2	0
1324510662	2	0
1324512463	2	0
1324514262	2	0
1324516063	2	0
1324517862	2	0
1324519663	2	1
1324521463	2	0
1324523262	2	0
1324525062	2	0
1324526863	2	0
1324528663	2	0
1324530462	2	0
1324532263	2	0
1324534063	2	1
1324535863	2	0
1324537663	2	0
1324539463	2	0
1324541263	2	0
1324543063	2	0
1324544863	2	0
1324546663	2	0
1324548463	2	1
1324550263	2	0
1324552063	2	0
1324553863	2	0
1324555663	2	0
1324557463	2	0
1324559262	2	0
1324561062	2	0
1324562863	2	1
1324564663	2	0
1324566463	2	0
1324568263	2	0
1324570063	2	0
1324571862	2	0
1324573662	2	0
1324575462	2	0
1324577263	2	1
1324903083	2	1
1324904883	2	0
1324906683	2	0
1324967883	2	1
1324969682	2	0
1324971482	2	0
1324973283	2	0
1324975083	2	0
1324976883	2	0
1324978682	2	0
1324980483	2	0
1324982283	2	1
1324984083	2	0
1324985883	2	0
1324987683	2	0
1324989482	2	0
1324991282	2	0
1324993082	2	0
1324994883	2	0
1324996683	2	1
1324998483	2	0
1325000283	2	0
1325002083	2	0
1325003883	2	0
1325005683	2	0
1325007483	2	0
1325009283	2	0
1325036283	2	1
1325054283	2	1
1325070483	2	1
1325092083	2	1
1325111883	2	1
1325129883	2	1
1325279283	2	1
1325304483	2	1
1325358482	2	1
1325399883	2	1
1325419683	2	1
1325421483	2	0
1325425083	2	0
1325426883	2	0
1325437683	2	1
1325464683	2	1
1325466483	2	0
1325482683	2	1
1325511483	2	1
1325515083	2	0
1325520483	2	0
1325538482	2	1
1325542083	2	0
1325543883	2	0
1325585283	2	1
1325758083	2	1
1325806682	2	1
1325808483	2	0
1325812082	2	0
1325813883	2	0
1325815683	2	0
1325817483	2	0
1325819283	2	0
1325821083	2	1
1325822882	2	0
1325824683	2	0
1325826483	2	0
1325828283	2	0
1325830083	2	0
1325831883	2	0
1325833683	2	0
1325835483	2	1
1325837283	2	0
1325839083	2	0
1325840883	2	0
1325842683	2	0
1325844483	2	0
1325846282	2	0
1325848083	2	0
1325849883	2	1
1325851683	2	0
1325853482	2	0
1325855283	2	0
1325857083	2	0
1325858883	2	0
1325860683	2	0
1325862483	2	0
1325864283	2	1
1325866083	2	0
1325867883	2	0
1325869683	2	0
1325871483	2	0
1325873282	2	0
1325875082	2	0
1325876883	2	0
1325878683	2	1
1325880482	2	0
1325882283	2	0
1325884082	2	0
1325885883	2	0
1325887682	2	0
1325889482	2	0
1325891282	2	0
1325894883	2	1
1325898483	2	0
1325900282	2	0
1325903882	2	0
1325916483	2	1
1325918283	2	0
1325921882	2	0
1325923682	2	0
1325925483	2	0
1325927283	2	0
1326029883	2	1
1326031682	2	0
1326092883	2	1
1326096482	2	0
1326103683	2	0
1326105483	2	0
1326107283	2	1
1326109082	2	0
1326110883	2	0
1326112682	2	0
1326114483	2	0
1326116282	2	0
1326118083	2	0
1326137882	2	1
1326283683	2	1
1326285483	2	0
1326287282	2	0
1326334082	2	1
1326335883	2	0
1326344882	2	0
1326364683	2	1
1326397082	2	1
1326398882	2	0
1326400682	2	0
1326402483	2	0
1326404282	2	0
1326433082	2	1
1326461883	2	1
1326463682	2	0
1326465482	2	0
1326467282	2	0
1326526682	2	1
1326566282	2	1
1326568082	2	0
1326571682	2	0
1326573482	2	0
1326595083	2	1
1326596882	2	0
1326600482	2	0
1326631083	2	1
1326632882	2	0
1326638282	2	0
1326643683	2	0
1326645483	2	1
1326647282	2	0
1326649083	2	0
1326650882	2	0
1326652682	2	0
1326654483	2	0
1326656282	2	0
1326658083	2	0
1326659882	2	1
1326661683	2	0
1326663482	2	0
1326665283	2	0
1326667082	2	0
1326670682	2	0
1326672483	2	0
1326674283	2	1
1326676082	2	0
1326677883	2	0
1326679682	2	0
1326683282	2	0
1326686882	2	0
1326688683	2	1
1326690483	2	0
1326692283	2	0
1326694083	2	0
1326695883	2	0
1326697683	2	0
1326699482	2	0
1326701283	2	0
1326703083	2	1
1326704882	2	0
1326706682	2	0
1326708483	2	0
1326710282	2	0
1326712083	2	0
1326713883	2	0
1326715682	2	0
1326717483	2	1
1326719282	2	0
1326721083	2	0
1326724682	2	0
1326726482	2	0
1326728283	2	0
1326730083	2	0
1326731883	2	1
1326755283	2	1
1326757082	2	0
1326758882	2	0
1326760683	2	0
1326762482	2	0
1326764283	2	0
1326767883	2	0
1326769682	2	1
1326771483	2	0
1326773282	2	0
1326775083	2	0
1326776882	2	0
1326778683	2	0
1326780482	2	0
1326782283	2	0
1326784083	2	1
1326785883	2	0
1326787682	2	0
1326789483	2	0
1326791282	2	0
1326793082	2	0
1326794882	2	0
1326796682	2	0
1326798483	2	1
1326800282	2	0
1326802083	2	0
1326803882	2	0
1326805683	2	0
1326807482	2	0
1326809282	2	0
1326811082	2	0
1326812882	2	1
1326814682	2	0
1326818282	2	0
1326820082	2	0
1326821883	2	0
1326823682	2	0
1326825483	2	0
1326827282	2	1
1326829082	2	0
1326830883	2	0
1326832683	2	0
1326834483	2	0
1326836282	2	0
1326838082	2	0
1326856943	2	1
1326857883	2	0
1326859682	2	0
1326861483	2	0
1326863282	2	0
1326865083	2	0
1326866882	2	0
1326868683	2	0
1326870482	2	0
1326872283	2	1
1326874082	2	0
1326875883	2	0
1326877682	2	0
1326879482	2	0
1326881282	2	0
1326883083	2	0
1326884883	2	0
1326886682	2	1
1326888483	2	0
1326890282	2	0
1326892083	2	0
1326893883	2	0
1326895682	2	0
1326897482	2	0
1326899282	2	0
1326901083	2	1
1326902882	2	0
1326904682	2	0
1326906483	2	0
1326908283	2	0
1326910082	2	0
1326911883	2	0
1326913685	2	0
1326915482	2	1
1326917283	2	0
1326919084	2	0
1326920883	2	0
1326922683	2	0
1326924483	2	0
1326926282	2	0
1326928082	2	0
1326929883	2	1
1326931683	2	0
1326933483	2	0
1326935283	2	0
1326937082	2	0
1326938882	2	0
1326940682	2	0
1326942483	2	0
1326944283	2	1
1326946084	2	0
1326947884	2	0
1326949682	2	0
1326953282	2	0
1326955083	2	0
1326956883	2	0
1326958768	2	1
1326960494	2	0
1326962283	2	0
1326964083	2	0
1326965883	2	0
1326967683	2	0
1326969483	2	0
1326974882	2	1
1326976683	2	0
1326982083	2	0
1327070283	2	1
1327072082	2	0
1327073882	2	0
1327100882	2	1
1327435683	2	1
1327437482	2	0
1327439283	2	0
1327441084	2	0
1327442884	2	0
1327446484	2	0
1327448284	2	0
1327450083	2	1
1327462684	2	0
1327532883	2	1
1327552683	2	1
1327626483	2	1
1327630082	2	0
1327631883	2	0
1327644483	2	1
1327696683	2	1
1327700283	2	0
1327702082	2	0
1327721883	2	1
1327797483	2	1
1327802882	2	0
1327804683	2	0
1327806483	2	0
1327840682	2	1
1327842483	2	0
1327858683	2	1
1327865882	2	0
1327869482	2	0
1327871282	2	0
1327873083	2	1
1327939683	2	1
1327941483	2	0
1327943282	2	0
1327945082	2	0
1327946882	2	0
1327948683	2	0
1327950482	2	0
1327963082	2	1
1327964883	2	0
1327968483	2	0
1327970283	2	0
1327990083	2	1
1327991883	2	0
1327993682	2	0
1327995483	2	0
1327997282	2	0
1328000883	2	0
1328002682	2	0
1328004482	2	1
1328020683	2	1
1328022483	2	0
1328024282	2	0
1328026082	2	0
1328027882	2	0
1328029683	2	0
1328031483	2	0
1328083683	2	1
1328132283	2	1
1328134082	2	0
1328135883	2	0
1328137683	2	0
1328139482	2	0
1328141283	2	0
1328143083	2	0
1328144883	2	0
1328146683	2	1
1328148483	2	0
1328150283	2	0
1328152082	2	0
1328153883	2	0
1328155683	2	0
1328157483	2	0
1328161082	2	1
1328162882	2	0
1328164683	2	0
1328166482	2	0
1328168283	2	0
1328170082	2	0
1328171883	2	0
1328173683	2	0
1328175483	2	1
1328177283	2	0
1328179083	2	0
1328180883	2	0
1328182683	2	0
1328184483	2	0
1328200682	2	1
1328202482	2	0
1328204282	2	0
1328328483	2	1
1328371683	2	1
1328373482	2	0
1328375283	2	0
1328377083	2	0
1328378883	2	0
1328396883	2	1
1328398683	2	0
1328405882	2	0
1328407683	2	0
1328438283	2	1
1328445483	2	0
1328447282	2	0
1328449083	2	0
1328450882	2	0
1328452683	2	1
1328454483	2	0
1328458083	2	0
1328459882	2	0
1328461682	2	0
1328463482	2	0
1328465283	2	0
1328467083	2	1
1328468882	2	0
1328470683	2	0
1328472483	2	0
1328474283	2	0
1328476083	2	0
1328477883	2	0
1328479682	2	0
1328481482	2	1
1328483283	2	0
1328485083	2	0
1328486883	2	0
1328488684	2	0
1328492282	2	0
1328521083	2	1
1328522883	2	0
1328524683	2	0
1328526483	2	0
1328528282	2	0
1328530082	2	0
1328531883	2	0
1328533682	2	0
1328535483	2	1
1328549882	2	1
1328551683	2	0
1328553482	2	0
1328555282	2	0
1328557082	2	0
1328558882	2	0
1328560682	2	0
1328562482	2	0
1328564283	2	1
1328566083	2	0
1328567883	2	0
1328618583	2	1
1328640183	2	1
1328661783	2	1
1328683382	2	1
1328704983	2	1
1328726582	2	1
1328748183	2	1
1328769782	2	1
1328791382	2	1
1328834582	2	1
1328856182	2	1
1328877782	2	1
1328899383	2	1
1328920983	2	1
1328942582	2	1
1328964183	2	1
1328985783	2	1
1329007382	2	1
1329028983	2	1
1329050583	2	1
1329072183	2	1
1329093782	2	1
1329115383	2	1
1329136982	2	1
1329158582	2	1
1329180182	2	1
1329201782	2	1
1329223382	2	1
1329244982	2	1
1329266582	2	1
1329288182	2	1
1329309782	2	1
1329331383	2	1
1329352982	2	1
1329374582	2	1
1329396183	2	1
1329417783	2	1
1329439383	2	1
1329460982	2	1
1329482585	2	1
1329504182	2	1
1329525783	2	1
1329547382	2	1
1329568982	2	1
1329590582	2	1
1329612183	2	1
1329633782	2	1
1329655382	2	1
1329676982	2	1
1329698583	2	1
1329720184	2	1
1329741783	2	1
1329763383	2	1
1329784982	2	1
1330454585	2	1	[BR][TAB]*DU Failed on /usr/bin/du --max-depth=2 /gluster/hepx/store[BR][TAB]*Excessive DU Run Time of 27.0 Minutes - Less Than 5 Expected
1331361784	2	1	[BR][TAB]*DU Failed on /usr/bin/du --max-depth=2 /gluster/hepx/store[BR][TAB]*Excessive DU Run Time of 15.6 Minutes - Less Than 5 Expected
