1318836920	2	1	84
1318838719	2	0	82
1318840547	2	0	80
1318842320	2	0	80
1318844119	2	0	81
1318845955	2	0	79
1318847720	2	0	82
1318849548	2	0	82
1318850195	2	0	82
1318851356	2	1	80
1318894519	2	1	83
1318957519	2	1	74
1318958190	2	0	74
1318959319	2	0	79
1318961119	2	0	78
1318962924	2	0	77
1318964723	2	0	76
1318966518	2	0	76
1318968324	2	0	74
1318970121	2	0	75
1318971919	2	1	76
1318973718	2	0	79
1318975517	2	0	82
1318977319	2	0	83
1318979118	2	0	83
1318979736	2	0	83
1318980918	2	0	83
1318982719	2	0	80
1318984519	2	0	78
1318986340	2	1	78
1318988125	2	0	79
1318989919	2	0	78
1318991729	2	0	80
1318993530	2	0	74
1318995328	2	0	76
1318997116	2	0	79
1318998936	2	0	80
1319000735	2	0	73
1319001395	2	1	73
1319002519	2	0	71
1319003734	2	0	71
1319004553	2	0	73
1319006118	2	0	73
1319007932	2	0	75
1319009723	2	0	75
1319011518	2	0	75
1319013333	2	0	76
1319015126	2	0	83
1319016921	2	1	84
1319018726	2	0	81
1319020532	2	0	80
1319022332	2	0	84
1319022977	2	0	84
1319187994	2	1	69
1319189775	2	0	58
1319191565	2	0	54
1319193395	2	0	47
1319195137	2	0	42
1319195773	2	0	42
1319196936	2	0	33
1319198771	2	0	31
1319200546	2	0	31
1319202347	2	0	18
1319204124	2	1	11
1319205951	2	0	6
1319207728	2	0	0
1319209544	2	0	0
1319211344	2	0	0
1319213136	2	0	10
1319214965	2	0	23
1319216763	2	0	28
1319217437	2	0	28
1319218561	2	1	32
1319220337	2	0	36
1319222164	2	0	38
1319223946	2	0	52
1319225821	2	0	59
1319227549	2	0	63
1319229375	2	0	67
1319380535	2	1	68
1319382337	2	0	66
1319384140	2	0	65
1319385926	2	0	64
1319387735	2	0	63
1319389537	2	0	64
1319390212	2	0	64
1319393118	2	0	69
1319394924	2	0	68
1319772962	2	1	52
1319774748	2	0	49
1319776519	2	0	34
1319778347	2	0	40
1319778979	2	0	40
1319780119	2	0	42
1319781346	2	0	42
1319781918	2	0	47
1319783753	2	0	52
1319785563	2	0	53
1319787323	2	0	54
1319789119	2	1	59
1319790922	2	0	64
1319792719	2	0	69
1320714318	2	1	55
1320716119	2	0	49
1320717916	2	0	56
1320719719	2	0	63
1320721519	2	0	64
1320723319	2	0	59
1320725118	2	0	63
1320726946	2	0	64
1320728718	2	1	65
1320730518	2	0	67
1320732319	2	0	66
1320732964	2	0	66
1320982519	2	1	70
1320986119	2	0	69
1320987918	2	0	70
1320989718	2	0	69
1321328116	2	1	3
1321329915	2	0	3
1321331719	2	0	0
1321333518	2	0	0
1321335318	2	0	0
1321337117	2	0	0
1321337772	2	0	0
1321338917	2	0	0
1321340100	2	0	0
1321340718	2	0	0
1321342517	2	1	0
1321344317	2	0	0
1321346119	2	0	0
1321347916	2	0	0
1321349715	2	0	0
1321351517	2	0	0
1321353317	2	0	0
1321355117	2	0	0
1321356916	2	1	0
1321358715	2	0	0
1321359340	2	0	0
1321360515	2	0	0
1321362317	2	0	0
1321364115	2	0	0
1321365917	2	0	0
1321367717	2	0	0
1321369519	2	0	0
1321371317	2	1	0
1321373116	2	0	0
1321374917	2	0	9
1321376720	2	0	15
1321378515	2	0	26
1321380323	2	0	32
1321380943	2	0	32
1321382118	2	0	35
1321383917	2	0	46
1321385716	2	1	57
1321387515	2	0	57
1321389317	2	0	62
1321391119	2	0	69
1321986919	2	1	69
1321994118	2	0	69
1321995918	2	0	70
1322003117	2	1	68
1322004916	2	0	67
1322006719	2	0	68
1322007366	2	0	68
1322566543	2	1	69
1322568343	2	0	64
1322569031	2	0	64
1322570123	2	0	59
1322571931	2	0	52
1322573732	2	0	44
1322575548	2	0	44
1322577344	2	0	33
1322579131	2	0	29
1322580942	2	1	12
1322582722	2	0	12
1322584554	2	0	1
1322586343	2	0	16
1322588126	2	0	22
1322589944	2	0	30
1322590628	2	0	30
1322591738	2	0	33
1322593539	2	0	38
1322595330	2	0	41
1322597136	2	1	44
1322598934	2	0	48
1322600735	2	0	53
1322602525	2	0	62
1322787930	2	1	69
1322789737	2	0	67
1322802331	2	1	70
1322804138	2	0	68
1322807743	2	0	69
1322808971	2	0	69
1322809542	2	0	69
1322820330	2	1	70
1322823926	2	0	70
1322827519	2	0	70
1322828212	2	0	70
1323389136	2	1	67
1323389836	2	0	67
1323390954	2	0	51
1323392732	2	0	48
1323394531	2	0	46
1323396339	2	0	46
1323398153	2	0	35
1323399934	2	0	34
1323401746	2	0	31
1323403531	2	0	28
1323405340	2	1	25
1323407146	2	0	24
1323408941	2	0	20
1323410740	2	0	18
1323411444	2	0	18
1323412520	2	0	19
1323413740	2	0	19
1323414321	2	0	17
1323416115	2	0	18
1323417957	2	0	17
1323419741	2	1	17
1323421538	2	0	13
1323423325	2	0	6
1323425142	2	0	6
1323426930	2	0	1
1323428738	2	0	1
1323430533	2	0	0
1323432327	2	0	0
1323432963	2	0	0
1323434138	2	1	0
1323435934	2	0	0
1323437742	2	0	0
1323439532	2	0	0
1323441342	2	0	0
1323443142	2	0	0
1323444937	2	0	0
1323446739	2	0	0
1323448544	2	1	7
1323450338	2	0	4
1323452138	2	0	17
1323453942	2	0	19
1323454543	2	0	19
1323455722	2	0	20
1323457549	2	0	20
1323459339	2	0	32
1323461138	2	0	31
1323462929	2	0	34
1323464739	2	1	39
1323466551	2	0	50
1323468342	2	0	50
1323470157	2	0	49
1323471950	2	0	52
1323473748	2	0	54
1323475552	2	0	50
1323476246	2	0	50
1323477355	2	0	37
1323479153	2	1	37
1323480981	2	0	42
1323482778	2	0	42
1323484560	2	0	46
1323486378	2	0	42
1323488176	2	0	34
1323489979	2	0	29
1323491794	2	0	26
1323495386	2	1	17
1323497220	2	0	17
1323499002	2	0	14
1323500202	2	0	14
1323501028	2	0	13
1323502672	2	0	8
1323504338	2	0	8
1323506144	2	0	3
1323507954	2	0	2
1323509757	2	0	6
1323511559	2	1	13
1323513337	2	0	27
1323515132	2	0	28
1323516935	2	0	29
1323518737	2	0	34
1323519372	2	0	34
1323520534	2	0	37
1323522333	2	0	42
1323524136	2	0	56
1323525934	2	0	56
1323527736	2	1	58
1323529538	2	0	59
1323531338	2	0	69
1323534942	2	0	67
1323536736	2	0	66
1323538519	2	0	62
1323540338	2	0	62
1323540960	2	0	62
1323542136	2	1	63
1323543947	2	0	63
1323545755	2	0	66
1323547551	2	0	67
1323801319	2	1	52
1323803122	2	0	52
1323804920	2	0	53
1323806718	2	0	58
1323808517	2	0	64
1323810319	2	0	62
1323812118	2	0	62
1323813920	2	0	65
1323815719	2	1	60
1323817521	2	0	64
1323819320	2	0	67
1323821119	2	0	67
1323821738	2	0	67
1323905745	2	1	61
1323907550	2	0	61
1323908157	2	0	61
1323909353	2	0	60
1323911135	2	0	63
1323912958	2	0	63
1323914722	2	0	63
1323916520	2	0	62
1323918327	2	0	63
1323920122	2	0	64
1323921921	2	1	67
1323923721	2	0	68
1323925521	2	0	69
1323966925	2	1	53
1323968721	2	0	47
1323970519	2	0	39
1323972319	2	0	25
1323972963	2	0	25
1323974120	2	0	15
1323975923	2	0	14
1323977723	2	0	5
1323979522	2	0	5
1323981319	2	0	1
1323983121	2	1	1
1323984922	2	0	0
1323986719	2	0	0
1323988523	2	0	0
1323990320	2	0	0
1323992119	2	0	0
1323993921	2	0	5
1323994587	2	0	5
1323995723	2	0	15
1323997520	2	1	16
1323999321	2	0	20
1324001124	2	0	25
1324002920	2	0	28
1324004724	2	0	31
1324006520	2	0	34
1324008320	2	0	41
1324010121	2	0	53
1324011922	2	1	56
1324013720	2	0	62
1324015520	2	0	62
1324016142	2	0	62
1324017320	2	0	66
1324018463	2	0	66
1324019120	2	0	64
1324020920	2	0	58
1324022719	2	0	61
1324024523	2	0	62
1324026321	2	1	61
1324028121	2	0	62
1324029922	2	0	66
1324031721	2	0	65
1324033523	2	0	66
1324035323	2	0	64
1324037123	2	0	64
1324037741	2	0	64
1324038921	2	0	67
1324040724	2	1	68
1324042520	2	0	65
1324044321	2	0	67
1324046119	2	0	62
1324047919	2	0	63
1324049720	2	0	69
1324051519	2	0	69
1324053319	2	0	66
1324055130	2	1	67
1324056919	2	0	67
1324058969	2	0	69
1324059342	2	0	69
1324067721	2	0	68
1324069519	2	0	68
1324071320	2	1	70
1324073119	2	0	67
1324074935	2	0	60
1324076719	2	0	62
1324078520	2	0	57
1324080319	2	0	57
1324080987	2	0	57
1324082119	2	0	56
1324083919	2	0	52
1324085723	2	1	52
1324087519	2	0	50
1324089320	2	0	52
1324091134	2	0	54
1324092920	2	0	58
1324094719	2	0	56
1324096519	2	0	56
1324098319	2	0	60
1324100121	2	1	60
1324101923	2	0	60
1324102580	2	0	60
1324103719	2	0	62
1324104740	2	0	62
1324105519	2	0	64
1324107324	2	0	67
1324109119	2	0	69
1324110922	2	0	69
1324112721	2	0	69
1324404319	2	1	52
1324404938	2	0	52
1324406120	2	0	30
1324408128	2	0	30
1324409927	2	0	30
1324411728	2	0	30
1324413527	2	0	30
1324415271	2	0	30
1324416918	2	0	0
1324418717	2	1	1
1324420520	2	0	20
1324422325	2	0	23
1324424119	2	0	24
1324425919	2	0	33
1324426541	2	0	33
1324427718	2	0	36
1324429521	2	0	41
1324431317	2	0	55
1324433119	2	1	56
1324434920	2	0	63
1325763318	2	1	70
1325765121	2	0	70
1325765746	2	0	70
1325766918	2	0	69
1325768718	2	0	68
1325770519	2	0	65
1325772317	2	0	63
1325774117	2	0	64
1325775919	2	0	64
1325777719	2	1	69
1325779518	2	0	69
1325856921	2	1	70
1325858721	2	0	69
1325860519	2	0	69
1325862330	2	0	69
1326215118	2	1	67
1326216923	2	0	67
1326218719	2	0	64
1326219354	2	0	64
1326222320	2	0	68
1326224123	2	0	67
1326225918	2	0	69
1326227718	2	0	65
1326229520	2	1	66
1326231317	2	0	65
1326233117	2	0	68
1326310518	2	1	69
1326335721	2	1	69
1326337521	2	0	63
1326339318	2	0	63
1326341121	2	0	61
1326342918	2	0	62
1326344718	2	0	62
1326346530	2	0	65
1326348318	2	0	65
1326348937	2	0	65
1326350119	2	1	64
1326351119	2	0	64
1326351917	2	0	66
1326353718	2	0	68
1326355521	2	0	69
1326357318	2	0	70
1326411317	2	1	68
1326413119	2	0	69
1326413757	2	0	69
1326414918	2	0	69
1326416717	2	0	62
1326418520	2	0	51
1326420318	2	0	48
1326422117	2	0	43
1326423924	2	0	40
1326425719	2	1	34
1326427519	2	0	31
1326429318	2	0	37
1326431119	2	0	41
1326432919	2	0	37
1326434717	2	0	42
1326435349	2	0	42
1326436517	2	0	45
1326437568	2	0	45
1326438324	2	0	45
1326440118	2	1	48
1326441927	2	0	55
1326443717	2	0	59
1326445518	2	0	66
1326468920	2	1	70
1326472518	2	0	70
1326477916	2	0	69
1326478540	2	0	69
1326479717	2	0	69
1326481520	2	0	68
1326483318	2	1	69
1326485118	2	0	70
1326722719	2	1	67
1326724518	2	0	51
1326726319	2	0	49
1326728131	2	0	27
1326729924	2	0	24
1326731719	2	0	13
1326733524	2	0	12
1326735319	2	0	8
1326737119	2	1	7
1326737755	2	0	7
1326738920	2	0	2
1326740721	2	0	2
1326742520	2	0	0
1326744321	2	0	0
1326746119	2	0	0
1326747920	2	0	0
1326749718	2	0	0
1326751520	2	1	0
1326753322	2	0	0
1326755119	2	0	0
1326756918	2	0	0
1326758720	2	0	0
1326759339	2	0	0
1326760519	2	0	0
1326762318	2	0	0
1326764122	2	0	5
1326765923	2	1	11
1326767721	2	0	19
1326769522	2	0	24
1326771320	2	0	26
1326773120	2	0	30
1326774922	2	0	42
1326776719	2	0	41
1326778520	2	0	45
1326780322	2	1	50
1326780938	2	0	50
1326782120	2	0	57
1326783236	2	0	57
1326783920	2	0	63
1326868524	2	1	70
1326869592	2	0	70
1326877523	2	0	68
1326879331	2	0	65
1326881125	2	0	68
1326882923	2	1	67
1326884721	2	0	60
1326886523	2	0	57
1326888324	2	0	58
1326888960	2	0	58
1326890122	2	0	56
1326891924	2	0	59
1326893724	2	0	59
1326895523	2	0	55
1326897364	2	1	54
1326899122	2	0	52
1326900922	2	0	45
1326902722	2	0	45
1326904523	2	0	44
1326906328	2	0	44
1326908125	2	0	39
1326909925	2	0	37
1326910537	2	0	37
1326911726	2	0	35
1326913523	2	1	48
1326915324	2	0	47
1326917124	2	0	51
1326918934	2	0	53
1326920808	2	0	58
1326922527	2	0	60
1326924323	2	0	65
1326926124	2	0	68
1326998126	2	1	63
1326999922	2	0	56
1327001721	2	0	37
1327003520	2	0	30
1327005322	2	0	19
1327007123	2	0	17
1327008922	2	0	9
1327010722	2	0	8
1327012522	2	1	4
1327014321	2	0	15
1327016121	2	0	25
1327017921	2	0	29
1327018540	2	0	29
1327019721	2	0	30
1327021521	2	0	35
1327023322	2	0	39
1327025121	2	0	44
1327026922	2	1	48
1327028723	2	0	54
1327030524	2	0	59
1327032320	2	0	68
1327347318	2	1	69
1327349119	2	0	69
1327350925	2	0	68
1327354518	2	0	69
1327356318	2	0	67
1327358118	2	0	67
1327359921	2	0	66
1327361719	2	1	61
1327363518	2	0	64
1327364142	2	0	64
1327365318	2	0	63
1327367118	2	0	65
1327368917	2	0	66
1327370718	2	0	66
1327372520	2	0	68
1327881918	2	1	64
1327882538	2	0	64
1327883716	2	0	62
1327885516	2	0	63
1327887317	2	0	58
1327889119	2	0	56
1327890918	2	0	58
1327892719	2	0	59
1328207717	2	1	69
1328211319	2	0	67
1328213115	2	0	58
1328214915	2	0	53
1328216724	2	0	53
1328218516	2	0	48
1328220316	2	0	41
1328222115	2	1	40
1328223916	2	0	40
1328225716	2	0	33
1328227522	2	0	33
1328228133	2	0	33
1328229315	2	0	34
1328231116	2	0	34
1328232918	2	0	30
1328234716	2	0	27
1328236520	2	1	25
1328238317	2	0	23
1328240116	2	0	20
1328241917	2	0	20
1328243715	2	0	19
1328245517	2	0	19
1328247319	2	0	29
1328249121	2	0	32
1328249733	2	0	32
1328250916	2	1	45
1328251653	2	0	45
1328252717	2	0	46
1328254519	2	0	47
1328256319	2	0	52
1328258119	2	0	62
1328259916	2	0	62
1328261719	2	0	69
1328303117	2	1	66
1328304917	2	0	65
1328306716	2	0	66
1328310319	2	0	70
1328790915	2	1	68
1328792716	2	0	68
1328794517	2	0	69
1329168916	2	1	68
1329287722	2	1	61
1329288471	2	0	61
1329289520	2	0	61
1329291324	2	0	58
1329293129	2	0	42
1329296719	2	0	14
1329298520	2	0	5
1329300317	2	0	5
1329302123	2	1	0
1329303938	2	0	0
1329305724	2	0	0
1329307524	2	0	0
1329308144	2	0	0
1329309321	2	0	0
1329311127	2	0	0
1329312927	2	0	0
1329314720	2	0	0
1329316527	2	1	0
1329318326	2	0	0
1329320154	2	0	0
1329321920	2	0	0
1329323717	2	0	0
1329325515	2	0	0
1329327317	2	0	0
1329329117	2	0	0
1329329734	2	0	0
1329330919	2	0	0
1329332721	2	1	0
1329334521	2	0	0
1329336319	2	0	0
1329338167	2	0	0
1329339919	2	0	0
1329341722	2	0	8
1329343517	2	0	18
1329345318	2	0	26
1329347123	2	1	29
1329348918	2	0	33
1329350718	2	0	39
1329351334	2	0	39
1329352519	2	0	51
1329354318	2	0	53
1329356119	2	0	58
1329357918	2	0	64
1329523518	2	1	68
1329524134	2	0	68
1329537918	2	1	70
1329539726	2	0	67
1329554117	2	1	67
1329555926	2	0	66
1329557718	2	0	66
1329559517	2	0	62
1329561319	2	0	65
1329563118	2	0	66
1329564919	2	0	68
1329568524	2	1	69
1329674717	2	1	70
1329675347	2	0	70
1329676524	2	0	61
1329678340	2	0	61
1329680128	2	0	58
1329681919	2	0	60
1329683725	2	0	56
1329685519	2	0	58
1329687319	2	0	66
1329689118	2	1	66
1329690925	2	0	68
1329896122	2	1	62
1329897920	2	0	57
1329899720	2	0	45
1329901519	2	0	30
1329903320	2	0	15
1329905120	2	0	15
1329906921	2	0	8
1329908720	2	0	6
1329910518	2	1	2
1329912318	2	0	2
1329912950	2	0	2
1329914122	2	0	0
1329915920	2	0	0
1329917719	2	0	0
1329919519	2	0	0
1329921318	2	0	0
1329923119	2	0	0
1329924919	2	1	0
1329926720	2	0	4
1329928521	2	0	12
1329930323	2	0	17
1329932121	2	0	23
1329933919	2	0	28
1329934549	2	0	28
1329935719	2	0	40
1329937523	2	0	44
1329939319	2	1	56
1329941118	2	0	56
1329942918	2	0	61
1329944718	2	0	69
1330394731	2	1	65
1330396519	2	0	57
1330398360	2	0	51
1330400119	2	0	27
1330401918	2	0	25
1330403720	2	0	10
1330405522	2	0	10
1330407324	2	0	7
1330409119	2	0	5
1330409737	2	1	5
1330410920	2	0	4
1330411779	2	0	4
1330412719	2	0	4
1330414519	2	0	3
1330416320	2	0	2
1330418120	2	0	2
1330419918	2	0	2
1330421723	2	0	1
1330423522	2	0	1
1330425322	2	1	1
1330427119	2	0	1
1330428922	2	0	0
1330430720	2	0	0
1330431340	2	0	0
1330432518	2	0	0
1330434322	2	0	0
1330436124	2	0	0
1330437924	2	0	0
1330439720	2	1	0
1330441520	2	0	0
1330443319	2	0	4
1330445118	2	0	4
1330446920	2	0	4
1330448720	2	0	4
1330450522	2	0	4
1330452321	2	0	4
1330452940	2	0	4
1330454119	2	1	4
1330455921	2	0	4
1330457718	2	0	6
1330459520	2	0	18
1330461321	2	0	29
1330463119	2	0	33
1330464920	2	0	35
1330466720	2	0	35
1330468521	2	1	36
1330470323	2	0	37
1330472122	2	0	40
1330473920	2	0	43
1330474535	2	0	43
1330475719	2	0	47
1330477521	2	0	48
1330479321	2	0	44
1330481120	2	0	41
1330482921	2	1	14
1330484723	2	0	13
1330486522	2	0	0
1330488325	2	0	0
1330490136	2	0	0
1330491922	2	0	0
1330493720	2	0	0
1330495522	2	0	0
1330496152	2	0	0
1330497320	2	1	0
1330498345	2	0	0
1330499120	2	0	0
1330500924	2	0	0
1330502718	2	0	0
1330504522	2	0	0
1330506326	2	0	0
1330508121	2	0	0
1330509922	2	0	0
1330511772	2	1	0
1330513526	2	0	0
1330515333	2	0	0
1330517125	2	0	0
1330517775	2	0	0
1330518921	2	0	0
1330520724	2	0	0
1330522522	2	0	0
1330524320	2	0	0
1330526122	2	0	0
1330527925	2	1	0
1330529721	2	0	0
1330531520	2	0	0
1330533322	2	0	0
1330535120	2	0	0
1330536920	2	0	0
1330538723	2	0	0
1330539385	2	0	0
1330540520	2	0	0
1330542320	2	0	0
1330544121	2	1	0
1330545923	2	0	0
1330547727	2	0	7
1330549523	2	0	13
1330551320	2	0	20
1330553122	2	0	25
1330554923	2	0	29
1330556725	2	0	34
1330558527	2	1	39
1330560321	2	0	45
1330560944	2	0	45
1330562125	2	0	51
1330563924	2	0	59
1331012124	2	1	37
1331013919	2	0	32
1331014535	2	0	32
1331015731	2	0	30
1331017021	2	0	30
1331017523	2	0	26
1331019323	2	0	11
1331021123	2	0	9
1331022919	2	0	1
1331024719	2	0	1
1331026520	2	1	0
1331028323	2	0	0
1331030120	2	0	0
1331031919	2	0	0
1331033720	2	0	0
1331035518	2	0	0
1331036134	2	0	0
1331037322	2	0	0
1331039120	2	0	0
1331040922	2	1	0
1331042717	2	0	0
1331044520	2	0	0
1331046322	2	0	0
1331048141	2	0	0
1331049924	2	0	0
1331051720	2	0	0
1331053522	2	0	0
1331055323	2	1	0
1331057118	2	0	0
1331057740	2	0	0
1331058921	2	0	0
1331060722	2	0	0
1331062524	2	0	0
1331064318	2	0	0
1331066123	2	0	0
1331067923	2	0	0
1331069723	2	1	0
1331071521	2	0	0
1331073320	2	0	0
1331075121	2	0	0
1331076922	2	0	0
1331078717	2	0	0
1331079336	2	0	0
1331080522	2	0	0
1331082322	2	0	10
1331084126	2	1	18
1331085919	2	0	26
1331087725	2	0	41
1331089535	2	0	41
1331091322	2	0	44
1331093118	2	0	49
1331094922	2	0	55
1331096721	2	0	62
1331156125	2	1	64
1331157926	2	0	59
1331159721	2	0	56
1331161523	2	0	58
1331163322	2	0	56
1331165120	2	0	58
1331165821	2	0	58
1331166923	2	0	56
1331168721	2	0	61
1331170521	2	1	61
1331172325	2	0	70
1331588130	2	1	48
1331589918	2	0	46
1331591720	2	0	28
1331593518	2	0	22
1331594155	2	0	22
1331595319	2	0	11
1331597118	2	0	10
1331598918	2	0	6
1331600718	2	0	3
1331602520	2	0	0
1331604318	2	1	0
1331606120	2	0	13
1331607924	2	0	14
1331609721	2	0	29
1331611519	2	0	31
1331613507	2	0	35
1331615120	2	0	38
1331615812	2	0	38
1331616921	2	0	40
1331618124	2	0	40
1331619074	2	1	51
1331620519	2	0	58
1331622319	2	0	66
1331978722	2	1	67
1331980519	2	0	62
1331982322	2	0	66
1331982935	2	0	66
1331984120	2	0	60
1331985919	2	0	57
1331987719	2	0	58
1331989520	2	0	62
1331991325	2	0	57
1331993125	2	1	58
1331994922	2	0	60
1331996726	2	0	56
1331998525	2	0	56
1332000322	2	0	54
1332002119	2	0	58
1332003920	2	0	53
1332004535	2	0	53
1332005720	2	0	49
1332007520	2	0	49
1332009320	2	1	54
1332011119	2	0	54
1332012921	2	0	45
1332014722	2	0	43
1332016521	2	0	42
1332018319	2	0	41
1332020120	2	0	38
1332021920	2	0	38
1332023719	2	1	38
1332025519	2	0	37
1332026133	2	0	37
1332027319	2	0	36
1332029119	2	0	34
1332030921	2	0	24
1332032720	2	0	24
1332034522	2	0	13
1332036320	2	0	11
1332038119	2	1	10
1332039923	2	0	7
1332041720	2	0	5
1332043518	2	0	2
1332045322	2	0	0
1332047120	2	0	0
1332047766	2	0	0
1332048919	2	0	0
1332049856	2	0	0
1332050943	2	0	0
1332052520	2	1	0
1332054319	2	0	0
1332056119	2	0	0
1332057921	2	0	0
1332059719	2	0	0
1332061519	2	0	0
1332063321	2	0	0
1332065120	2	0	0
1332066921	2	1	0
1332068718	2	0	0
1332069339	2	0	0
1332070521	2	0	0
1332072321	2	0	0
1332074122	2	0	0
1332075922	2	0	0
1332077720	2	0	0
1332079519	2	0	0
1332081320	2	1	0
1332083120	2	0	0
1332084921	2	0	0
1332086722	2	0	0
1332088520	2	0	0
1332090321	2	0	0
1332090947	2	0	0
1332092123	2	0	0
1332093921	2	0	0
1332095719	2	1	0
1332097580	2	0	0
1332099323	2	0	0
1332101119	2	0	0
1332102919	2	0	0
1332104719	2	0	0
1332106520	2	0	0
1332108320	2	0	0
1332110119	2	1	0
1332111919	2	0	0
1332112535	2	0	0
1332113719	2	0	0
1332115520	2	0	0
1332117323	2	0	0
1332119121	2	0	0
1332120922	2	0	0
1332122721	2	0	0
1332124520	2	1	0
1332126323	2	0	0
1332128118	2	0	0
1332129919	2	0	0
1332131719	2	0	0
1332133520	2	0	0
1332134145	2	0	0
1332135332	2	0	0
1332136150	2	0	0
1332137120	2	0	0
1332138917	2	1	0
1332140718	2	0	0
1332142524	2	0	0
1332144322	2	0	0
1332146123	2	0	0
1332147920	2	0	0
1332149720	2	0	0
1332151520	2	0	0
1332153487	2	1	0
1332155119	2	0	0
1332155734	2	0	0
1332156921	2	0	0
1332158722	2	0	0
1332160520	2	0	0
1332162319	2	0	0
1332164119	2	0	0
1332165922	2	0	0
1332167721	2	0	0
1332169520	2	1	0
1332171320	2	0	0
1332173126	2	0	0
1332174920	2	0	12
1332176722	2	0	16
1332177510	2	0	16
1332178523	2	0	25
1332180322	2	0	29
1332182119	2	0	31
1332183920	2	1	38
1332185722	2	0	44
1332187524	2	0	49
1332189321	2	0	55
1332191121	2	0	65
1332450318	2	1	60
1332452117	2	0	52
1332453921	2	0	62
1332455719	2	0	67
1332457521	2	0	68
1332458134	2	0	68
1332459320	2	0	68
1332461121	2	0	67
1332462919	2	0	65
1332464723	2	1	63
1332466521	2	0	63
1332468319	2	0	64
1332475520	2	0	68
1332477319	2	0	65
1332479121	2	1	60
1332479741	2	0	60
1332480919	2	0	44
1332481809	2	0	44
1332482788	2	0	44
1332484521	2	0	43
1332486324	2	0	39
1332488119	2	0	36
1332489921	2	0	36
1332491721	2	0	37
1332493521	2	1	34
1332495322	2	0	31
1332497123	2	0	30
1332498924	2	0	29
1332500724	2	0	29
1332501340	2	0	29
1332502520	2	0	29
1332504321	2	0	37
1332506120	2	0	45
1332507920	2	1	46
1332509720	2	0	49
1332511520	2	0	56
1332513317	2	0	57
1332515120	2	0	63
1332516920	2	0	67
1332641124	2	1	69
1332642923	2	0	66
1332644720	2	0	68
1332646521	2	0	68
1333798520	2	1	32
1333800321	2	0	18
1333803923	2	0	2
1333805718	2	0	0
1333807519	2	0	0
1333809319	2	0	0
1333811123	2	0	1
1333812920	2	1	1
1333814720	2	0	4
1335197122	2	1	61
1335198923	2	0	56
1335200724	2	0	57
1335201350	2	0	57
1335202522	2	0	58
1335204326	2	0	58
1335206121	2	0	58
1335207922	2	0	58
1335209723	2	0	58
1335211523	2	1	61
1335213322	2	0	63
1335215123	2	0	63
1335216934	2	0	66
1335218736	2	0	66
1335220522	2	0	62
1335222323	2	0	62
1335222959	2	0	62
1335224122	2	0	63
1335225923	2	1	66
1335227720	2	0	68
1335229533	2	0	69
1335355519	2	1	0
1335357320	2	0	0
1335359122	2	0	11
1335360920	2	0	19
1335362722	2	0	24
1335364518	2	0	38
1335366334	2	0	37
1335368123	2	0	38
1335369922	2	1	45
1335371723	2	0	47
1335373524	2	0	51
1335374135	2	0	51
1335375319	2	0	55
1335377121	2	0	61
1335378923	2	0	65
1335773140	2	1	70
1335774917	2	0	66
1335776720	2	0	61
1335778518	2	0	60
1335780355	2	0	49
1335782121	2	0	43
1335783969	2	0	30
1335784534	2	0	30
1335787542	2	1	4
1335789335	2	0	9
1335791150	2	0	20
1335792922	2	0	32
1335794757	2	0	38
1335796541	2	0	41
1335798350	2	0	43
1335800125	2	0	45
1335801919	2	0	47
1335803743	2	1	60
1335805552	2	0	60
1335806131	2	0	60
1335807356	2	0	61
1335809174	2	0	69
1335814520	2	0	69
1335816320	2	0	69
1335818153	2	1	65
1335819945	2	0	62
1335821759	2	0	49
1335823530	2	0	53
1335825319	2	0	50
1335827120	2	0	56
1335827734	2	0	56
1335828962	2	0	55
1335830721	2	0	55
1335832525	2	0	55
1335834354	2	1	56
1335836150	2	0	60
1335837951	2	0	57
1335839740	2	0	54
1335841553	2	0	50
1335843343	2	0	49
1335845120	2	0	43
1335846958	2	0	19
1335848754	2	1	18
1335849338	2	0	18
1335850542	2	0	2
1335851303	2	0	2
1335852320	2	0	2
1335854141	2	0	0
1335855921	2	0	0
1335857743	2	0	0
1335859549	2	0	0
1335861342	2	0	0
1335863162	2	1	0
1335864923	2	0	0
1335866721	2	0	0
1335868520	2	0	0
1335870342	2	0	0
1335870931	2	0	0
1335872149	2	0	0
1335873917	2	0	0
1335875750	2	0	0
1335877518	2	0	0
1335879325	2	1	0
1335881121	2	0	0
1335882920	2	0	0
1335884750	2	0	0
1335886517	2	0	0
1335888346	2	0	0
1335890148	2	0	0
1335891919	2	0	0
1335892531	2	0	0
1335893745	2	1	0
1335895580	2	0	0
1335897341	2	0	0
1335899144	2	0	0
1335900920	2	0	0
1335902745	2	0	0
1335904555	2	0	0
1335906346	2	0	0
1335908147	2	1	0
1335909945	2	0	0
1335911741	2	0	0
1335913521	2	0	0
1335914136	2	0	0
1335915321	2	0	0
1335917161	2	0	0
1335918944	2	0	0
1335920757	2	0	0
1335922517	2	0	0
1335924357	2	1	3
1335926142	2	0	5
1335927948	2	0	17
1335929717	2	0	23
1335931518	2	0	24
1335933342	2	0	31
1335935268	2	0	31
1335935738	2	0	31
1335936919	2	0	34
1335938140	2	0	34
1335938749	2	0	42
1335940540	2	1	53
1335942346	2	0	54
1335944139	2	0	66
1335945946	2	0	66
1335996321	2	1	55
1335998121	2	0	55
1335999923	2	0	56
1336000543	2	0	56
1336001720	2	0	57
1336003519	2	0	61
1336005320	2	0	60
1336007122	2	0	60
1336008922	2	0	60
1336010720	2	1	61
1336012522	2	0	63
1336014320	2	0	62
1336016120	2	0	63
1336100723	2	1	69
1336102521	2	0	69
1336104337	2	0	70
1336156523	2	1	61
1336158330	2	0	49
1336160121	2	0	45
1336161936	2	0	37
1336163720	2	0	24
1336165534	2	0	22
1336167338	2	0	14
1336169124	2	0	13
1336170921	2	1	4
1336172733	2	0	18
1336173335	2	0	18
1336174531	2	0	17
1336176321	2	0	27
1336178123	2	0	28
1336179921	2	0	36
1336181730	2	0	40
1336183532	2	0	42
1336185330	2	1	43
1336187122	2	0	51
1336188922	2	0	56
1336190722	2	0	62
1336192521	2	0	69
1336260922	2	1	70
1336356325	2	1	69
1336358122	2	0	70
1336359921	2	0	67
1336361720	2	0	67
1336363521	2	0	65
1336365320	2	0	65
1336367119	2	0	68
1336367765	2	0	68
1336368919	2	0	68
1336369744	2	0	68
1336370726	2	1	64
1336372519	2	0	63
1336374324	2	0	63
1336376118	2	0	63
1336377922	2	0	64
1336379721	2	0	65
1336381520	2	0	67
1336383329	2	0	68
1336656920	2	1	66
1336658728	2	0	68
1336660533	2	0	67
1336662320	2	0	68
1336664120	2	0	65
1336665919	2	0	64
1336667719	2	0	63
1336669520	2	0	64
1336670135	2	0	64
1336671318	2	1	65
1336673121	2	0	63
1336674919	2	0	63
1336676720	2	0	67
1336678520	2	0	65
1336680320	2	0	64
1336682119	2	0	62
1336683920	2	0	66
1336685722	2	1	64
1336687522	2	0	63
1336689322	2	0	63
1336691120	2	0	63
1336691747	2	0	63
1336692921	2	0	63
1336694723	2	0	63
1336696521	2	0	62
1336698321	2	0	64
1336700121	2	1	63
1336701921	2	0	63
1336703722	2	0	65
1336705522	2	0	66
1336707322	2	0	63
1336709121	2	0	63
1336710923	2	0	64
1336712720	2	0	63
1336713386	2	0	63
1336714520	2	1	62
1336715720	2	0	62
1336716740	2	0	63
1336718121	2	0	62
1336719921	2	0	61
1336721730	2	0	65
1336723519	2	0	63
1336725321	2	0	65
1336727122	2	0	64
1336728923	2	1	63
1336731228	2	0	64
1336732520	2	0	64
1336734322	2	0	63
1336734940	2	0	63
1336736120	2	0	64
1336737920	2	0	64
1336739737	2	0	63
1336741520	2	0	63
1336743338	2	1	63
1336745120	2	0	64
1336746923	2	0	64
1336748722	2	0	66
1336750520	2	0	65
1336752320	2	0	64
1336754120	2	0	63
1336755919	2	0	63
1336756540	2	0	63
1336757719	2	0	62
1336759522	2	1	62
1336761645	2	0	62
1336763120	2	0	65
1336764920	2	0	66
1336766719	2	0	67
1336768520	2	0	69
1336770322	2	0	65
1336772120	2	0	64
1336773922	2	1	64
1336775721	2	0	63
1336777520	2	0	63
1336778139	2	0	63
1336779322	2	0	64
1336781121	2	0	67
1336782919	2	0	69
1337133922	2	1	65
1337135720	2	0	61
1337137585	2	0	56
1337139321	2	0	51
1337141120	2	0	52
1337142920	2	0	41
1337144721	2	0	37
1337145345	2	0	37
1337146522	2	0	31
1337147758	2	0	31
1337148912	2	1	37
1337150121	2	0	19
1337151920	2	0	22
1337153722	2	0	21
1337155522	2	0	21
1337157321	2	0	21
1337159121	2	0	21
1337160920	2	0	22
1337162721	2	0	20
1337164522	2	1	19
1337166321	2	0	18
1337166936	2	0	18
1337168121	2	0	15
1337169921	2	0	16
1337171720	2	0	15
1337173523	2	0	16
1337175323	2	0	15
1337177122	2	0	15
1337178922	2	1	13
1337180722	2	0	12
1337182520	2	0	12
1337184317	2	0	12
1337186120	2	0	11
1337187922	2	0	11
1337188537	2	0	11
1337189720	2	0	9
1337191522	2	0	14
1337193321	2	1	25
1337195120	2	0	27
1337196920	2	0	29
1337198722	2	0	30
1337200523	2	0	33
1337202326	2	0	38
1337204121	2	0	42
1337205920	2	0	47
1337207735	2	1	62
1337209522	2	0	64
1337210139	2	0	64
1338167122	2	1	69
1338168928	2	0	69
1338170723	2	0	70
1338172522	2	0	69
1338174328	2	0	69
1338176127	2	0	68
1338177922	2	0	69
1338249923	2	1	68
1338255321	2	0	70
1338258925	2	0	66
1338260733	2	0	66
1338262522	2	0	64
1338264324	2	1	63
1338266122	2	0	62
1338267929	2	0	61
1338268560	2	0	61
1338269725	2	0	62
1338270927	2	0	62
1338271827	2	0	61
1338273326	2	0	66
1338275129	2	0	69
1338276927	2	0	67
1338278723	2	1	66
1338280528	2	0	68
1338282326	2	0	69
1338284125	2	0	69
1338285923	2	0	70
1338294923	2	1	70
1338298522	2	0	70
1338305734	2	0	68
1338307532	2	0	68
1338309322	2	1	70
1338312926	2	0	69
1338314721	2	0	70
1338869122	2	1	70
1338870922	2	0	68
1338872721	2	0	67
1338873405	2	0	67
1338874524	2	0	67
1338875643	2	0	67
1338876323	2	0	65
1338878124	2	0	64
1338879922	2	0	66
1338881723	2	0	66
1338883528	2	1	66
1338885328	2	0	66
1338887128	2	0	64
1338888925	2	0	65
1338890724	2	0	67
1339130124	2	1	66
1339131925	2	0	60
1339132540	2	0	60
1339133724	2	0	43
1339134471	2	0	43
1339135723	2	0	40
1339137322	2	0	29
1339139124	2	0	24
1339140924	2	0	20
1339142724	2	0	11
1339144525	2	1	3
1339146332	2	0	3
1339148125	2	0	0
1339149926	2	0	0
1339151726	2	0	0
1339153526	2	0	0
1339154138	2	0	0
1339155326	2	0	0
1339157125	2	0	0
1339158925	2	1	0
1339160726	2	0	0
1339162525	2	0	0
1339164327	2	0	0
1339166126	2	0	0
1339167929	2	0	0
1339169726	2	0	0
1339171526	2	0	0
1339173327	2	1	6
1339175127	2	0	11
1339175739	2	0	11
1339176926	2	0	19
1339178728	2	0	27
1339180526	2	0	30
1339182325	2	0	36
1339184124	2	0	40
1339185929	2	0	44
1339187727	2	1	54
1339189527	2	0	55
1339191326	2	0	61
1339193127	2	0	69
1339400125	2	1	70
1339621523	2	1	69
1339625124	2	0	70
1339729521	2	1	68
1339731323	2	0	67
1339788925	2	1	70
1339790723	2	0	69
1339797923	2	0	68
1339799724	2	0	63
1339801522	2	0	66
1339802142	2	0	66
1339803321	2	1	60
1339805125	2	0	59
1339808722	2	0	66
1339810523	2	0	60
1339812334	2	0	59
1339814122	2	0	61
1339815924	2	0	60
1339817723	2	1	64
1339819526	2	0	64
1339821324	2	0	59
1339823126	2	0	61
1339823741	2	0	61
1339824925	2	0	58
1339825712	2	0	58
1339826767	2	0	59
1339828524	2	0	62
1339830326	2	0	63
1339832124	2	1	68
1339833924	2	0	67
1339835724	2	0	69
1340116526	2	1	61
1340118323	2	0	50
1340120124	2	0	33
1340121922	2	0	29
1340123724	2	0	27
1340125531	2	0	22
1340126179	2	0	22
1340127325	2	0	14
1340129129	2	0	13
1340130924	2	1	7
1340132724	2	0	6
1340134524	2	0	2
1340136323	2	0	2
1340138128	2	0	0
1340139923	2	0	0
1340141726	2	0	0
1340143524	2	0	6
1340145321	2	1	17
1340147125	2	0	22
1340147753	2	0	22
1340148922	2	0	28
1340150725	2	0	29
1340152524	2	0	33
1340154325	2	0	39
1340156128	2	0	53
1340157925	2	0	54
1340159725	2	1	60
1340161523	2	0	69
1341579932	2	1	66
1341581731	2	0	69
1341583517	2	0	69
1341585321	2	0	63
1341587126	2	0	64
1341588924	2	0	66
1341590725	2	0	63
1341592523	2	0	63
1341594329	2	1	63
1341594939	2	0	63
1341596119	2	0	66
1341597925	2	0	67
1341599720	2	0	66
1341601526	2	0	68
1341651919	2	1	69
1341653723	2	0	69
1341655524	2	0	65
1341657322	2	0	62
1341659119	2	0	63
1341659757	2	0	63
1341660921	2	0	64
1341662721	2	0	62
1341664520	2	0	63
1341666323	2	1	66
1341668122	2	0	63
1341669923	2	0	64
1341671725	2	0	64
1341673520	2	0	64
1341675322	2	0	63
1341677122	2	0	63
1341678921	2	0	62
1341680719	2	1	63
1341681344	2	0	63
1341682524	2	0	64
1341684323	2	0	65
1341686123	2	0	65
1341687921	2	0	66
1341689719	2	0	64
1341691519	2	0	68
1341693325	2	0	69
1341970530	2	1	70
1341972327	2	0	68
1341984924	2	0	69
1341985937	2	1	69
1341990338	2	0	69
1341992119	2	0	70
1341993921	2	0	69
1341997520	2	0	68
1341999320	2	0	63
1342001119	2	1	67
1342002919	2	0	66
1342004719	2	0	65
1342005339	2	0	65
1342006521	2	0	67
1342008319	2	0	69
1342010121	2	0	66
1342011921	2	0	69
1342013719	2	0	70
1342015521	2	1	68
1342017320	2	0	69
1342035320	2	1	70
1342037119	2	0	69
1342038921	2	0	69
1342040720	2	0	68
1342046122	2	0	68
1342049721	2	1	69
1342051519	2	0	68
1342053322	2	0	69
1342055123	2	0	69
1342056922	2	0	69
1342058722	2	0	68
1342060521	2	0	68
1342062318	2	0	68
1342064122	2	1	67
1342065921	2	0	66
1342067720	2	0	64
1342069520	2	0	66
1342070139	2	0	66
1342071322	2	0	63
1342072168	2	0	63
1342073144	2	0	63
1342074923	2	0	63
1342076719	2	0	62
1342078520	2	1	62
1342080322	2	0	62
1342082118	2	0	58
1342083923	2	0	61
1342085720	2	0	64
1342087523	2	0	62
1342089322	2	0	61
1342091121	2	0	60
1342091745	2	0	60
1342092921	2	1	62
1342094721	2	0	62
1342096520	2	0	62
1342098324	2	0	61
1342100122	2	0	62
1342101927	2	0	64
1342103722	2	0	64
1342105521	2	0	67
1342107321	2	1	66
1342109122	2	0	66
1342110921	2	0	64
1342112721	2	0	64
1342113334	2	0	64
1342114523	2	0	65
1342116321	2	0	65
1342118121	2	0	64
1342119921	2	0	66
1342121725	2	1	67
1342123596	2	0	65
1342125321	2	0	63
1342127122	2	0	68
1342128919	2	0	66
1342130724	2	0	68
1342132521	2	0	69
1342134321	2	0	66
1342134984	2	0	66
1342136121	2	1	69
1342137921	2	0	69
1342139723	2	0	69
1342141521	2	0	70
1342143320	2	0	69
1342145126	2	0	66
1342146921	2	0	69
1342148722	2	0	67
1342150521	2	1	65
1342152319	2	0	63
1342154121	2	0	63
1342155922	2	0	63
1342156536	2	0	63
1342157724	2	0	65
1342158554	2	0	65
1342159546	2	0	65
1342161321	2	0	59
1342163122	2	0	58
1342164923	2	1	62
1342166720	2	0	59
1342168521	2	0	60
1342170455	2	0	62
1342172134	2	0	60
1342173925	2	0	64
1342175724	2	0	64
1342177520	2	0	65
1342178135	2	0	65
1342179320	2	1	66
1342181120	2	0	68
1342182921	2	0	68
1342184723	2	0	70
1342186521	2	0	70
1342233321	2	1	69
1342235122	2	0	67
1342236920	2	0	66
1342238721	2	0	69
1342240522	2	0	68
1342242323	2	0	66
1342242937	2	0	66
1342244123	2	0	64
1342245009	2	0	64
1342246060	2	0	67
1342247719	2	1	65
1342249522	2	0	66
1342251322	2	0	66
1342253120	2	0	70
1342254920	2	0	68
1342721123	2	1	70
1342722923	2	0	70
1342773329	2	1	67
1342782323	2	0	2
1342782941	2	0	2
1342784122	2	0	0
1342785920	2	0	0
1342787721	2	0	0
1342789522	2	1	0
1342791325	2	0	0
1342793121	2	0	0
1342794927	2	0	0
1342796726	2	0	3
1342798521	2	0	18
1342800326	2	0	22
1342802125	2	0	24
1342803922	2	1	35
1342804536	2	0	35
1342805723	2	0	38
1342807522	2	0	43
1342809327	2	0	47
1342811131	2	0	51
1342812920	2	0	56
1342814721	2	0	64
1343214318	2	1	68
1343214952	2	0	68
1343216119	2	0	67
1343223319	2	0	0
1343225120	2	0	0
1343226921	2	0	6
1343228721	2	1	20
1343230520	2	0	27
1343232319	2	0	33
1343234120	2	0	36
1343235920	2	0	46
1343236554	2	0	46
1343237744	2	0	48
1343239520	2	0	53
1343241319	2	0	55
1343243120	2	1	61
1343244919	2	0	68
1343788521	2	1	69
1343790321	2	0	61
1343792122	2	0	58
1343793922	2	0	47
1343795722	2	0	44
1343797521	2	0	40
1343798134	2	0	40
1343799322	2	0	18
1343800341	2	0	18
1343801421	2	0	18
1343802922	2	1	12
1343804722	2	0	12
1343806522	2	0	18
1343808321	2	0	32
1343810121	2	0	42
1343811920	2	0	44
1343813725	2	0	46
1343815521	2	0	48
1343817321	2	1	54
1343819122	2	0	58
1343819735	2	0	58
1343820922	2	0	60
1343822722	2	0	62
1343824531	2	0	65
1343826322	2	0	70
1344114324	2	1	69
1344116124	2	0	68
1344117923	2	0	67
1344119723	2	0	68
1344121523	2	0	66
1344122133	2	0	66
1344123322	2	0	65
1344125123	2	0	65
1344126923	2	0	65
1344128723	2	1	67
1344130524	2	0	65
1344132323	2	0	65
1344134122	2	0	69
1344135923	2	0	66
1344137723	2	0	64
1344139523	2	0	64
1344141322	2	0	66
1344143128	2	1	68
1344143742	2	0	68
1344144925	2	0	67
1344146121	2	0	67
1344146956	2	0	66
1344148522	2	0	66
1344150323	2	0	64
1344152123	2	0	62
1344153923	2	0	62
1344155725	2	0	63
1344157526	2	1	65
1344159324	2	0	64
1344161123	2	0	62
1344162923	2	0	62
1344164722	2	0	62
1344165335	2	0	62
1344166524	2	0	63
1344168321	2	0	63
1344170123	2	0	64
1344171927	2	1	64
1344173726	2	0	63
1344175526	2	0	62
1344177323	2	0	64
1344179123	2	0	62
1344180922	2	0	62
1344182723	2	0	61
1344184523	2	0	61
1344186323	2	1	61
1344186935	2	0	61
1344188123	2	0	62
1344189922	2	0	63
1344191725	2	0	61
1344193522	2	0	61
1344195324	2	0	65
1344197124	2	0	64
1344198922	2	0	63
1344200724	2	1	63
1344202523	2	0	64
1344204323	2	0	63
1344206124	2	0	62
1344207921	2	0	62
1344208534	2	0	62
1344209723	2	0	63
1344211522	2	0	63
1344213326	2	0	62
1344215123	2	1	62
1344216925	2	0	61
1344218725	2	0	62
1344220524	2	0	60
1344222321	2	0	61
1344224123	2	0	59
1344225927	2	0	58
1344227723	2	0	59
1344229524	2	1	62
1344230153	2	0	62
1344231323	2	0	63
1344232087	2	0	63
1344233123	2	0	60
1344234922	2	0	61
1344236725	2	0	63
1344238521	2	0	70
1344242124	2	0	68
1344243925	2	1	68
1344245722	2	0	69
1344247526	2	0	67
1344249322	2	0	69
1344251124	2	0	66
1344251739	2	0	66
1344252923	2	0	64
1344254723	2	0	62
1344256524	2	0	63
1344258323	2	1	66
1344260124	2	0	67
1344261922	2	0	66
1344263722	2	0	61
1344265522	2	0	62
1344267320	2	0	62
1344269121	2	0	62
1344270921	2	0	63
1344272722	2	1	63
1344273335	2	0	63
1344274521	2	0	63
1344276322	2	0	62
1344278121	2	0	64
1344279934	2	0	67
1344281722	2	0	65
1344283523	2	0	66
1344285321	2	0	66
1344287128	2	1	69
