1319739591	2	1	22.9 TiB	21.5 TiB
1319741313	2	0	22.9 TiB	21.5 TiB
1320143847	2	1	22.8 TiB	0.0 iB
1320145644	2	0	22.8 TiB	0.0 iB
1320147705	2	0	22.8 TiB	0.0 iB
1320149154	2	0	22.7 TiB	0.0 iB
1320150985	2	0	22.7 TiB	0.0 iB
1320152750	2	0	22.7 TiB	0.0 iB
1320154617	2	0	22.7 TiB	0.0 iB
1320156394	2	0	22.7 TiB	0.0 iB
1320158222	2	0	22.7 TiB	0.0 iB
1320159999	2	1	22.8 TiB	0.0 iB
1320161768	2	0	22.7 TiB	0.0 iB
1320163574	2	0	22.7 TiB	0.0 iB
1320165363	2	0	22.7 TiB	0.0 iB
1320167216	2	0	22.7 TiB	0.0 iB
1320169051	2	0	22.7 TiB	0.0 iB
1320170837	2	0	22.7 TiB	0.0 iB
1320172661	2	0	22.7 TiB	0.0 iB
1320174519	2	1	22.7 TiB	0.0 iB
1320176236	2	0	22.7 TiB	0.0 iB
1320178027	2	0	22.7 TiB	0.0 iB
1320179858	2	0	22.8 TiB	0.0 iB
1320181615	2	0	22.7 TiB	0.0 iB
1320183403	2	0	22.8 TiB	0.0 iB
1320185258	2	0	22.7 TiB	0.0 iB
1320186982	2	0	22.7 TiB	0.0 iB
1320188844	2	0	22.7 TiB	0.0 iB
1320190627	2	1	22.8 TiB	0.0 iB
1320192419	2	0	23.0 TiB	0.0 iB
1320194236	2	0	23.0 TiB	0.0 iB
1320196050	2	0	23.2 TiB	0.0 iB
1320197847	2	0	23.2 TiB	0.0 iB
1320199614	2	0	23.6 TiB	0.0 iB
1320201444	2	0	23.8 TiB	0.0 iB
1320203297	2	0	23.9 TiB	0.0 iB
1320206845	2	1	24.2 TiB	0.0 iB
1320208589	2	0	24.2 TiB	0.0 iB
1320210371	2	0	24.2 TiB	0.0 iB
1320212151	2	0	24.2 TiB	0.0 iB
1320213951	2	0	24.2 TiB	0.0 iB
1320215762	2	0	24.2 TiB	0.0 iB
1320217533	2	0	24.2 TiB	0.0 iB
1320219354	2	0	24.2 TiB	0.0 iB
1320221202	2	0	24.2 TiB	0.0 iB
1320223291	2	1	24.2 TiB	0.0 iB
1320224839	2	0	24.2 TiB	0.0 iB
1320226612	2	0	24.2 TiB	0.0 iB
1320228395	2	0	24.2 TiB	0.0 iB
1320230271	2	0	24.2 TiB	0.0 iB
1320232032	2	0	24.2 TiB	0.0 iB
1320233867	2	0	24.2 TiB	0.0 iB
1320235598	2	0	24.2 TiB	0.0 iB
1320237497	2	0	24.2 TiB	0.0 iB
1320239220	2	1	24.2 TiB	0.0 iB
1320240984	2	0	24.2 TiB	0.0 iB
1320242798	2	0	24.2 TiB	0.0 iB
1320244576	2	0	24.2 TiB	0.0 iB
1320246353	2	0	24.2 TiB	0.0 iB
1320248158	2	0	24.2 TiB	0.0 iB
1320249982	2	0	24.2 TiB	0.0 iB
1320251783	2	0	24.2 TiB	0.0 iB
1320253633	2	1	24.2 TiB	0.0 iB
1320255355	2	0	24.2 TiB	0.0 iB
1320257157	2	0	24.2 TiB	0.0 iB
1320258962	2	0	24.2 TiB	0.0 iB
1320260762	2	0	24.2 TiB	0.0 iB
1320262590	2	0	24.2 TiB	0.0 iB
1320264346	2	0	24.2 TiB	0.0 iB
1320266157	2	0	24.2 TiB	0.0 iB
1320268171	2	1	24.2 TiB	0.0 iB
1320269759	2	0	24.2 TiB	0.0 iB
1320271565	2	0	24.3 TiB	0.0 iB
1320273419	2	0	24.5 TiB	0.0 iB
1320275212	2	0	24.7 TiB	0.0 iB
1320276971	2	0	24.8 TiB	0.0 iB
1320278782	2	0	24.9 TiB	0.0 iB
1320280568	2	0	25.0 TiB	0.0 iB
1320282356	2	0	25.1 TiB	0.0 iB
1320284146	2	1	25.1 TiB	0.0 iB
1320285938	2	0	25.1 TiB	0.0 iB
1320287777	2	0	25.1 TiB	0.0 iB
1320289586	2	0	25.2 TiB	0.0 iB
1320291355	2	0	25.2 TiB	0.0 iB
1320293170	2	0	25.2 TiB	0.0 iB
1320294979	2	0	25.2 TiB	0.0 iB
1320296764	2	0	25.2 TiB	0.0 iB
1320298722	2	1	25.2 TiB	0.0 iB
1320300503	2	0	25.2 TiB	0.0 iB
1320302159	2	0	25.2 TiB	0.0 iB
1320303974	2	0	25.2 TiB	0.0 iB
1320305774	2	0	25.2 TiB	0.0 iB
1320307581	2	0	25.2 TiB	0.0 iB
1320309433	2	0	25.2 TiB	0.0 iB
1320311217	2	0	25.3 TiB	0.0 iB
1320313012	2	0	25.3 TiB	0.0 iB
1320314835	2	1	25.3 TiB	0.0 iB
1320316717	2	0	25.3 TiB	0.0 iB
1320318412	2	0	25.3 TiB	0.0 iB
1320320172	2	0	25.3 TiB	0.0 iB
1320322056	2	0	25.3 TiB	0.0 iB
1320323817	2	0	25.3 TiB	0.0 iB
1320325623	2	0	25.3 TiB	0.0 iB
1320327442	2	0	25.3 TiB	0.0 iB
1320329256	2	1	25.3 TiB	0.0 iB
1320331013	2	0	25.3 TiB	0.0 iB
1320332837	2	0	25.3 TiB	0.0 iB
1320334677	2	0	25.3 TiB	0.0 iB
1320336426	2	0	25.3 TiB	0.0 iB
1320338224	2	0	25.3 TiB	0.0 iB
1320340084	2	0	25.3 TiB	0.0 iB
1320341775	2	0	25.3 TiB	0.0 iB
1320343648	2	0	25.3 TiB	0.0 iB
1320345481	2	1	25.3 TiB	0.0 iB
1320347184	2	0	25.3 TiB	0.0 iB
1320349138	2	0	25.3 TiB	0.0 iB
1320350811	2	0	25.3 TiB	0.0 iB
1320352640	2	0	25.3 TiB	0.0 iB
1320354385	2	0	25.3 TiB	0.0 iB
1320356187	2	0	25.3 TiB	0.0 iB
1320358030	2	0	25.4 TiB	0.0 iB
1320359850	2	0	26.9 TiB	0.0 iB
1320361623	2	1	27.0 TiB	0.0 iB
1320363430	2	0	27.0 TiB	0.0 iB
1320365159	2	0	27.0 TiB	0.0 iB
1320366953	2	0	27.0 TiB	0.0 iB
1320368760	2	0	27.3 TiB	0.0 iB
1320370573	2	0	27.5 TiB	0.0 iB
1320372467	2	0	27.7 TiB	0.0 iB
1320374154	2	0	27.9 TiB	0.0 iB
1320375956	2	0	28.3 TiB	0.0 iB
1320377791	2	1	29.0 TiB	0.0 iB
1320379564	2	0	29.1 TiB	0.0 iB
1320381387	2	0	29.4 TiB	0.0 iB
1320383179	2	0	29.4 TiB	0.0 iB
1320385017	2	0	29.4 TiB	0.0 iB
1320386752	2	0	29.4 TiB	0.0 iB
1320388573	2	0	29.4 TiB	0.0 iB
1320390335	2	0	29.4 TiB	0.0 iB
1320392180	2	0	29.4 TiB	0.0 iB
1320393976	2	1	29.4 TiB	0.0 iB
1320395789	2	0	29.4 TiB	0.0 iB
1320397662	2	0	29.4 TiB	0.0 iB
1320399427	2	0	29.4 TiB	0.0 iB
1320401168	2	0	29.4 TiB	0.0 iB
1320426389	2	1	29.4 TiB	25.4 TiB
1320428243	2	0	29.3 TiB	25.4 TiB
1320734150	2	1	29.8 TiB	31.5 TiB
1320955688	2	1	36.2 TiB	32.0 TiB
1320957485	2	0	35.6 TiB	32.0 TiB
1320959290	2	0	34.4 TiB	32.0 TiB
1321821355	2	1	36.5 TiB	32.0 TiB
1321823152	2	0	36.2 TiB	32.0 TiB
1321824951	2	0	35.8 TiB	32.0 TiB
1321826751	2	0	34.3 TiB	32.0 TiB
1322607992	2	1	37.3 TiB	33.5 TiB
1322609864	2	0	36.6 TiB	33.5 TiB
1322683663	2	1	33.5 TiB	29.0 TiB
1322685463	2	0	33.5 TiB	29.0 TiB
1322687263	2	0	33.4 TiB	29.0 TiB
1322689063	2	0	33.1 TiB	29.0 TiB
1323167840	2	1	33.5 TiB	0.0 iB
1323169563	2	0	33.5 TiB	0.0 iB
1323171368	2	0	33.5 TiB	0.0 iB
1323173189	2	0	33.5 TiB	0.0 iB
1323174956	2	0	33.5 TiB	0.0 iB
1323176751	2	0	33.5 TiB	0.0 iB
1323178556	2	0	33.5 TiB	0.0 iB
1323180356	2	0	33.5 TiB	0.0 iB
1323182191	2	0	33.5 TiB	0.0 iB
1323184023	2	1	33.5 TiB	0.0 iB
1323185762	2	0	33.5 TiB	0.0 iB
1323187576	2	0	33.5 TiB	0.0 iB
1323189364	2	0	33.5 TiB	0.0 iB
1323191154	2	0	33.5 TiB	0.0 iB
1323192963	2	0	33.5 TiB	0.0 iB
1323194783	2	0	33.5 TiB	0.0 iB
1323196554	2	0	33.5 TiB	0.0 iB
1323198371	2	0	33.5 TiB	0.0 iB
1323200171	2	1	33.5 TiB	0.0 iB
1323201988	2	0	33.5 TiB	0.0 iB
1323203784	2	0	33.5 TiB	0.0 iB
1323205582	2	0	33.5 TiB	0.0 iB
1323207436	2	0	33.5 TiB	0.0 iB
1323209189	2	0	33.5 TiB	0.0 iB
1323210976	2	0	33.5 TiB	0.0 iB
1323212778	2	0	33.5 TiB	0.0 iB
1323214573	2	1	33.5 TiB	0.0 iB
1323216461	2	0	33.5 TiB	0.0 iB
1323218255	2	0	33.5 TiB	0.0 iB
1323220007	2	0	33.5 TiB	0.0 iB
1323221781	2	0	33.5 TiB	0.0 iB
1323223585	2	0	33.5 TiB	0.0 iB
1323225384	2	0	33.5 TiB	0.0 iB
1323227185	2	0	33.5 TiB	0.0 iB
1323229013	2	1	33.5 TiB	0.0 iB
1323230784	2	0	33.5 TiB	0.0 iB
1323232563	2	0	33.5 TiB	0.0 iB
1323234371	2	0	33.5 TiB	0.0 iB
1323236182	2	0	33.5 TiB	0.0 iB
1323238030	2	0	33.5 TiB	0.0 iB
1323239808	2	0	33.5 TiB	0.0 iB
1323241616	2	0	33.5 TiB	0.0 iB
1323243635	2	1	33.5 TiB	0.0 iB
1323245195	2	0	33.5 TiB	0.0 iB
1323247015	2	0	33.5 TiB	0.0 iB
1323248808	2	0	33.5 TiB	0.0 iB
1323251655	2	0	33.5 TiB	0.0 iB
1323253509	2	0	33.5 TiB	0.0 iB
1323255309	2	0	33.5 TiB	0.0 iB
1323257109	2	0	33.5 TiB	0.0 iB
1323258540	2	1	33.5 TiB	0.0 iB
1323259588	2	0	33.5 TiB	0.0 iB
1323261353	2	0	33.5 TiB	0.0 iB
1323263153	2	0	33.5 TiB	0.0 iB
1323264960	2	0	33.5 TiB	0.0 iB
1323266780	2	0	33.5 TiB	0.0 iB
1323268569	2	0	33.5 TiB	0.0 iB
1323270386	2	0	33.5 TiB	0.0 iB
1323272196	2	0	33.5 TiB	0.0 iB
1323273974	2	1	33.5 TiB	0.0 iB
1323275788	2	0	33.5 TiB	0.0 iB
1323277583	2	0	33.5 TiB	0.0 iB
1323279363	2	0	33.5 TiB	0.0 iB
1323281284	2	0	33.5 TiB	0.0 iB
1323282963	2	0	33.5 TiB	0.0 iB
1323284763	2	0	33.5 TiB	0.0 iB
1323286553	2	0	33.5 TiB	0.0 iB
1323288363	2	0	33.5 TiB	0.0 iB
1323290201	2	1	33.5 TiB	0.0 iB
1323291956	2	0	33.5 TiB	0.0 iB
1323293783	2	0	33.5 TiB	0.0 iB
1323295571	2	0	33.5 TiB	0.0 iB
1323297391	2	0	33.5 TiB	0.0 iB
1323299225	2	0	33.5 TiB	0.0 iB
1323301001	2	0	33.5 TiB	0.0 iB
1323302789	2	0	33.5 TiB	0.0 iB
1323304573	2	0	33.5 TiB	0.0 iB
1323306387	2	1	33.5 TiB	0.0 iB
1323308155	2	0	33.5 TiB	0.0 iB
1323309971	2	0	33.5 TiB	0.0 iB
1323311803	2	0	33.5 TiB	0.0 iB
1323313600	2	0	33.5 TiB	0.0 iB
1323315413	2	0	33.5 TiB	0.0 iB
1323317263	2	0	33.5 TiB	0.0 iB
1323319064	2	0	33.5 TiB	0.0 iB
1323320863	2	1	33.5 TiB	0.0 iB
1323322613	2	0	33.5 TiB	0.0 iB
1323324383	2	0	33.5 TiB	0.0 iB
1323326194	2	0	33.5 TiB	0.0 iB
1323328009	2	0	33.5 TiB	0.0 iB
1323329802	2	0	33.5 TiB	0.0 iB
1323331603	2	0	33.5 TiB	0.0 iB
1323333396	2	0	33.5 TiB	0.0 iB
1323335173	2	0	33.5 TiB	0.0 iB
1323336974	2	1	33.5 TiB	0.0 iB
1323338863	2	0	33.5 TiB	0.0 iB
1323340665	2	0	33.5 TiB	0.0 iB
1323342463	2	0	33.5 TiB	0.0 iB
1323344263	2	0	33.5 TiB	0.0 iB
1323346063	2	0	33.5 TiB	0.0 iB
1323347862	2	0	33.5 TiB	0.0 iB
1323349663	2	0	33.5 TiB	0.0 iB
1323351463	2	1	33.5 TiB	0.0 iB
1323353263	2	0	33.5 TiB	0.0 iB
1323355084	2	0	33.5 TiB	0.0 iB
1323356863	2	0	33.5 TiB	0.0 iB
1323358663	2	0	33.5 TiB	0.0 iB
1323360452	2	0	33.5 TiB	0.0 iB
1323362243	2	0	33.5 TiB	0.0 iB
1323364053	2	0	33.5 TiB	0.0 iB
1323365864	2	1	33.5 TiB	0.0 iB
1323367682	2	0	33.5 TiB	0.0 iB
1323369433	2	0	33.5 TiB	0.0 iB
1323371233	2	0	33.5 TiB	0.0 iB
1323373004	2	0	33.5 TiB	0.0 iB
1323374832	2	0	33.5 TiB	0.0 iB
1323376632	2	0	33.5 TiB	0.0 iB
1323378423	2	0	33.5 TiB	0.0 iB
1323380216	2	0	33.5 TiB	0.0 iB
1323382021	2	1	33.5 TiB	0.0 iB
1323383863	2	0	33.5 TiB	0.0 iB
1323385663	2	0	33.6 TiB	0.0 iB
1323387463	2	0	33.6 TiB	0.0 iB
1323389213	2	0	33.6 TiB	0.0 iB
1323391008	2	0	33.6 TiB	0.0 iB
1323392863	2	0	33.6 TiB	0.0 iB
1323394609	2	0	33.7 TiB	0.0 iB
1323396348	2	0	33.7 TiB	0.0 iB
1323398176	2	1	33.7 TiB	0.0 iB
1323400063	2	0	33.7 TiB	0.0 iB
1323401785	2	0	33.9 TiB	0.0 iB
1323403605	2	0	33.9 TiB	0.0 iB
1323405462	2	0	33.9 TiB	0.0 iB
1323407175	2	0	34.0 TiB	0.0 iB
1323408983	2	0	34.1 TiB	0.0 iB
1323410774	2	0	34.1 TiB	0.0 iB
1323412553	2	0	34.1 TiB	0.0 iB
1323414365	2	1	34.1 TiB	0.0 iB
1323416156	2	0	34.1 TiB	0.0 iB
1323417958	2	0	34.1 TiB	0.0 iB
1323419767	2	0	34.1 TiB	0.0 iB
1323421600	2	0	34.1 TiB	0.0 iB
1323423432	2	0	34.1 TiB	0.0 iB
1323425240	2	0	34.1 TiB	0.0 iB
1323427015	2	0	34.1 TiB	0.0 iB
1323428807	2	1	34.1 TiB	0.0 iB
1323430554	2	0	34.1 TiB	0.0 iB
1323432369	2	0	34.1 TiB	0.0 iB
1323434153	2	0	34.1 TiB	0.0 iB
1323435963	2	0	34.1 TiB	0.0 iB
1323437755	2	0	34.1 TiB	0.0 iB
1323439574	2	0	34.1 TiB	0.0 iB
1323441369	2	0	34.1 TiB	0.0 iB
1323443166	2	0	34.1 TiB	0.0 iB
1323444998	2	1	34.1 TiB	0.0 iB
1323446863	2	0	34.1 TiB	0.0 iB
1323448628	2	0	34.3 TiB	0.0 iB
1323450445	2	0	34.3 TiB	0.0 iB
1323452249	2	0	34.3 TiB	0.0 iB
1323454063	2	0	34.3 TiB	0.0 iB
1323455753	2	0	34.5 TiB	0.0 iB
1323457679	2	0	34.5 TiB	0.0 iB
1323459463	2	1	34.5 TiB	0.0 iB
1323461204	2	0	34.6 TiB	0.0 iB
1323462959	2	0	34.6 TiB	0.0 iB
1323464827	2	0	34.6 TiB	0.0 iB
1323466663	2	0	34.6 TiB	0.0 iB
1323468392	2	0	34.7 TiB	0.0 iB
1323470330	2	0	34.7 TiB	0.0 iB
1323471980	2	0	34.7 TiB	0.0 iB
1323473930	2	1	34.7 TiB	0.0 iB
1323475694	2	0	34.9 TiB	0.0 iB
1323477463	2	0	34.9 TiB	0.0 iB
1323479264	2	0	34.9 TiB	0.0 iB
1323481087	2	0	35.0 TiB	0.0 iB
1323482950	2	0	35.0 TiB	0.0 iB
1323484682	2	0	35.0 TiB	0.0 iB
1323486608	2	0	35.0 TiB	0.0 iB
1323495887	2	1	35.0 TiB	0.0 iB
1323504426	2	0	35.0 TiB	0.0 iB
1323506219	2	0	35.0 TiB	0.0 iB
1323508033	2	0	35.0 TiB	0.0 iB
1323509823	2	0	35.0 TiB	0.0 iB
1323511663	2	1	35.0 TiB	0.0 iB
1323513421	2	0	34.9 TiB	0.0 iB
1323515233	2	0	34.9 TiB	0.0 iB
1323517062	2	0	34.9 TiB	0.0 iB
1323518793	2	0	35.0 TiB	0.0 iB
1323520593	2	0	35.0 TiB	0.0 iB
1323522393	2	0	35.0 TiB	0.0 iB
1323524183	2	0	35.0 TiB	0.0 iB
1323526664	2	1	35.0 TiB	0.0 iB
1323527773	2	0	35.0 TiB	0.0 iB
1323529572	2	0	35.0 TiB	0.0 iB
1323531365	2	0	35.0 TiB	0.0 iB
1323533280	2	0	35.1 TiB	0.0 iB
1323535025	2	0	35.1 TiB	0.0 iB
1323536792	2	0	35.1 TiB	0.0 iB
1323538557	2	0	35.1 TiB	0.0 iB
1323540356	2	0	35.1 TiB	0.0 iB
1323542157	2	1	35.1 TiB	0.0 iB
1323544022	2	0	35.1 TiB	0.0 iB
1323545781	2	0	35.1 TiB	0.0 iB
1323547575	2	0	35.1 TiB	0.0 iB
1323549393	2	0	35.2 TiB	0.0 iB
1323551156	2	0	35.1 TiB	0.0 iB
1323552973	2	0	35.1 TiB	0.0 iB
1323554812	2	0	35.2 TiB	0.0 iB
1323556663	2	1	35.2 TiB	0.0 iB
1323558446	2	0	35.2 TiB	0.0 iB
1323560263	2	0	35.2 TiB	0.0 iB
1323562023	2	0	35.2 TiB	0.0 iB
1323563813	2	0	35.2 TiB	0.0 iB
1323565613	2	0	35.2 TiB	0.0 iB
1323567463	2	0	35.2 TiB	0.0 iB
1323569233	2	0	35.2 TiB	0.0 iB
1323571063	2	1	35.2 TiB	0.0 iB
1323572813	2	0	35.2 TiB	0.0 iB
1323574603	2	0	35.2 TiB	0.0 iB
1323576403	2	0	35.2 TiB	0.0 iB
1323578193	2	0	35.2 TiB	0.0 iB
1323579989	2	0	35.2 TiB	0.0 iB
1323581779	2	0	35.2 TiB	0.0 iB
1323583663	2	0	35.2 TiB	0.0 iB
1323585353	2	0	35.2 TiB	0.0 iB
1323587475	2	1	35.2 TiB	0.0 iB
1323589068	2	0	35.2 TiB	0.0 iB
1323590849	2	0	35.2 TiB	0.0 iB
1323592611	2	0	35.2 TiB	0.0 iB
1323594402	2	0	35.2 TiB	0.0 iB
1323596153	2	0	35.2 TiB	0.0 iB
1323597973	2	0	35.2 TiB	0.0 iB
1323599742	2	0	35.2 TiB	0.0 iB
1323601544	2	0	35.2 TiB	0.0 iB
1323603407	2	1	35.2 TiB	0.0 iB
1323605210	2	0	35.2 TiB	0.0 iB
1323606973	2	0	35.2 TiB	0.0 iB
1323608769	2	0	35.2 TiB	0.0 iB
1323610639	2	0	35.2 TiB	0.0 iB
1323612366	2	0	35.2 TiB	0.0 iB
1323614172	2	0	35.2 TiB	0.0 iB
1323615970	2	0	35.2 TiB	0.0 iB
1323617786	2	0	35.2 TiB	0.0 iB
1323619553	2	1	35.2 TiB	0.0 iB
1323621355	2	0	35.2 TiB	0.0 iB
1323623176	2	0	35.2 TiB	0.0 iB
1323624963	2	0	35.2 TiB	0.0 iB
1323626763	2	0	35.2 TiB	0.0 iB
1323628564	2	0	35.2 TiB	0.0 iB
1323630363	2	0	35.2 TiB	0.0 iB
1323632163	2	0	35.2 TiB	0.0 iB
1323633953	2	1	35.2 TiB	0.0 iB
1323635773	2	0	35.2 TiB	0.0 iB
1323637607	2	0	35.2 TiB	0.0 iB
1323639413	2	0	35.2 TiB	0.0 iB
1323641191	2	0	35.2 TiB	0.0 iB
1323642973	2	0	35.2 TiB	0.0 iB
1323644753	2	0	35.2 TiB	0.0 iB
1323646603	2	0	35.2 TiB	0.0 iB
1323648433	2	1	35.2 TiB	0.0 iB
1323650155	2	0	35.2 TiB	0.0 iB
1323651943	2	0	35.2 TiB	0.0 iB
1323653743	2	0	35.2 TiB	0.0 iB
1323655554	2	0	35.2 TiB	0.0 iB
1323657366	2	0	35.2 TiB	0.0 iB
1323659154	2	0	35.2 TiB	0.0 iB
1323660945	2	0	35.2 TiB	0.0 iB
1323662827	2	0	35.2 TiB	0.0 iB
1323664605	2	1	35.2 TiB	0.0 iB
1323666363	2	0	35.2 TiB	0.0 iB
1323668158	2	0	35.2 TiB	0.0 iB
1323669952	2	0	35.2 TiB	0.0 iB
1323671754	2	0	35.2 TiB	0.0 iB
1323673544	2	0	35.2 TiB	0.0 iB
1323675352	2	0	35.2 TiB	0.0 iB
1323677162	2	0	35.2 TiB	0.0 iB
1323679081	2	1	35.2 TiB	0.0 iB
1323680763	2	0	35.2 TiB	0.0 iB
1323682598	2	0	35.2 TiB	0.0 iB
1323684361	2	0	35.2 TiB	0.0 iB
1323686183	2	0	35.2 TiB	0.0 iB
1323687985	2	0	35.2 TiB	0.0 iB
1323689752	2	0	35.2 TiB	0.0 iB
1323691560	2	0	35.2 TiB	0.0 iB
1323693364	2	0	35.2 TiB	0.0 iB
1323695263	2	1	35.2 TiB	0.0 iB
1323697064	2	0	35.2 TiB	0.0 iB
1323698863	2	0	35.2 TiB	0.0 iB
1323700663	2	0	35.2 TiB	0.0 iB
1323702393	2	0	35.2 TiB	0.0 iB
1323704203	2	0	35.2 TiB	0.0 iB
1323705953	2	0	35.2 TiB	0.0 iB
1323707769	2	0	35.2 TiB	0.0 iB
1323709581	2	0	35.2 TiB	0.0 iB
1323711379	2	1	35.2 TiB	0.0 iB
1323713156	2	0	35.2 TiB	0.0 iB
1323714963	2	0	35.2 TiB	0.0 iB
1323716754	2	0	35.2 TiB	0.0 iB
1323718570	2	0	35.2 TiB	0.0 iB
1323720386	2	0	35.2 TiB	0.0 iB
1323722193	2	0	35.2 TiB	0.0 iB
1323724022	2	0	35.2 TiB	0.0 iB
1323725793	2	1	32.9 TiB	0.0 iB
1323727613	2	0	30.7 TiB	0.0 iB
1323729463	2	0	30.7 TiB	0.0 iB
1323731263	2	0	28.8 TiB	0.0 iB
1323733053	2	0	25.5 TiB	0.0 iB
1323734863	2	0	25.5 TiB	0.0 iB
1323736663	2	0	24.5 TiB	0.0 iB
1323738463	2	0	24.6 TiB	0.0 iB
1323740243	2	1	24.7 TiB	0.0 iB
1323742043	2	0	24.7 TiB	0.0 iB
1323743843	2	0	24.8 TiB	0.0 iB
1323745663	2	0	24.8 TiB	0.0 iB
1323747462	2	0	24.8 TiB	0.0 iB
1323749263	2	0	24.9 TiB	0.0 iB
1323751063	2	0	25.0 TiB	0.0 iB
1323752863	2	0	25.0 TiB	0.0 iB
1323754663	2	1	25.1 TiB	0.0 iB
1323756462	2	0	25.1 TiB	0.0 iB
1323758192	2	0	25.2 TiB	0.0 iB
1323760052	2	0	25.3 TiB	0.0 iB
1323761803	2	0	25.4 TiB	0.0 iB
1323763593	2	0	25.4 TiB	0.0 iB
1323765463	2	0	25.4 TiB	0.0 iB
1323767243	2	0	25.6 TiB	0.0 iB
1323769024	2	0	25.7 TiB	0.0 iB
1323770863	2	1	25.7 TiB	0.0 iB
1323772653	2	0	25.8 TiB	0.0 iB
1323774412	2	0	25.9 TiB	0.0 iB
1323776213	2	0	26.0 TiB	0.0 iB
1323778063	2	0	26.0 TiB	0.0 iB
1323779843	2	0	26.2 TiB	0.0 iB
1323781812	2	0	26.2 TiB	0.0 iB
1323783463	2	0	26.3 TiB	0.0 iB
1323785263	2	1	26.3 TiB	0.0 iB
1323787062	2	0	26.4 TiB	0.0 iB
1323788863	2	0	26.4 TiB	0.0 iB
1323790663	2	0	26.5 TiB	0.0 iB
1323792464	2	0	26.6 TiB	0.0 iB
1323794263	2	0	26.7 TiB	0.0 iB
1323796063	2	0	26.8 TiB	0.0 iB
1323797864	2	0	26.8 TiB	0.0 iB
1323799663	2	1	26.9 TiB	0.0 iB
1323801463	2	0	26.9 TiB	0.0 iB
1323803264	2	0	27.0 TiB	0.0 iB
1323805064	2	0	27.1 TiB	0.0 iB
1323806863	2	0	27.1 TiB	0.0 iB
1323808663	2	0	27.2 TiB	0.0 iB
1323810463	2	0	27.3 TiB	0.0 iB
1323812263	2	0	27.3 TiB	0.0 iB
1326404283	2	1	0.0 iB	45.8 TiB
1326406012	2	0	39.0 TiB	45.8 TiB
1326407803	2	0	31.1 TiB	45.8 TiB
1326409613	2	0	31.1 TiB	45.8 TiB
1326411403	2	0	31.1 TiB	45.8 TiB
1326413213	2	0	31.1 TiB	45.8 TiB
1326414983	2	0	31.1 TiB	45.8 TiB
1326416782	2	0	31.1 TiB	45.8 TiB
1326418573	2	0	31.1 TiB	45.8 TiB
1326420372	2	1	31.1 TiB	45.8 TiB
1326422172	2	0	31.1 TiB	45.8 TiB
1326423963	2	0	31.1 TiB	45.8 TiB
1326425772	2	0	31.1 TiB	45.8 TiB
1326468952	2	1	30.3 TiB	45.8 TiB
1326712215	2	1	47.7 TiB	43.7 TiB
1326713883	2	0	48.7 TiB	43.9 TiB
1326715682	2	0	48.1 TiB	44.0 TiB
1326829082	2	1	51.4 TiB	40.3 TiB
1326830883	2	0	51.5 TiB	40.4 TiB
1326832683	2	0	50.4 TiB	40.7 TiB
1326834483	2	0	48.6 TiB	34.6 TiB
1326836282	2	0	45.5 TiB	34.8 TiB
1326838083	2	0	41.8 TiB	34.9 TiB
1326868683	2	1	31.6 TiB	37.8 TiB
1326870482	2	0	31.8 TiB	37.8 TiB
1326872283	2	0	24.9 TiB	38.1 TiB
1326874082	2	0	25.0 TiB	38.3 TiB
1326875883	2	0	25.3 TiB	38.7 TiB
1326877682	2	0	25.4 TiB	38.7 TiB
1326879482	2	0	25.7 TiB	39.0 TiB
1326881282	2	0	25.8 TiB	39.2 TiB
1326883083	2	1	26.0 TiB	39.3 TiB
1326884883	2	0	26.1 TiB	39.5 TiB
1326886682	2	0	26.3 TiB	39.7 TiB
1326888483	2	0	26.5 TiB	39.8 TiB
1326890282	2	0	26.7 TiB	40.0 TiB
1326892083	2	0	26.8 TiB	40.1 TiB
1326893883	2	0	27.0 TiB	40.3 TiB
1326895683	2	0	27.2 TiB	40.5 TiB
1326897482	2	1	27.3 TiB	40.6 TiB
1326899282	2	0	27.4 TiB	31.0 TiB
1326901083	2	0	27.6 TiB	31.2 TiB
1326902883	2	0	27.8 TiB	31.4 TiB
1326904682	2	0	26.9 TiB	31.7 TiB
1326906483	2	0	25.3 TiB	31.9 TiB
1326908283	2	0	24.4 TiB	32.1 TiB
1326910082	2	0	24.6 TiB	32.3 TiB
1326911883	2	1	38.4 TiB	32.4 TiB
1326913685	2	0	38.6 TiB	32.6 TiB
1326915482	2	0	38.7 TiB	32.7 TiB
1326917283	2	0	39.0 TiB	32.9 TiB
1326919084	2	0	39.1 TiB	33.1 TiB
1326920883	2	0	39.3 TiB	33.2 TiB
1326922683	2	0	39.5 TiB	33.4 TiB
1326924483	2	0	39.5 TiB	33.5 TiB
1326926282	2	1	39.6 TiB	33.6 TiB
1326928083	2	0	39.8 TiB	33.8 TiB
1326929883	2	0	40.0 TiB	34.0 TiB
1326931683	2	0	40.0 TiB	34.0 TiB
1326933685	2	0	40.1 TiB	34.1 TiB
1326935283	2	0	40.2 TiB	34.2 TiB
1326937082	2	0	40.4 TiB	34.4 TiB
1326938883	2	0	40.6 TiB	34.7 TiB
1326940683	2	1	40.9 TiB	34.9 TiB
1326942483	2	0	41.2 TiB	35.2 TiB
1326944283	2	0	41.3 TiB	35.4 TiB
1326946084	2	0	41.6 TiB	35.7 TiB
1326947884	2	0	42.0 TiB	35.9 TiB
1326949683	2	0	42.2 TiB	36.2 TiB
1326951463	2	0	42.5 TiB	36.4 TiB
1326953283	2	0	42.5 TiB	36.5 TiB
1326955083	2	1	42.5 TiB	36.5 TiB
1326956883	2	0	42.5 TiB	36.5 TiB
1326958769	2	0	42.5 TiB	36.5 TiB
1326960494	2	0	42.5 TiB	36.5 TiB
1326962283	2	0	42.5 TiB	36.5 TiB
1326964083	2	0	42.5 TiB	36.5 TiB
1326965883	2	0	42.5 TiB	36.5 TiB
1326967684	2	0	42.5 TiB	36.5 TiB
1326969483	2	1	42.5 TiB	36.5 TiB
1326971214	2	0	42.5 TiB	36.5 TiB
1326973033	2	0	42.5 TiB	36.5 TiB
1326974882	2	0	42.5 TiB	36.5 TiB
1326976683	2	0	42.5 TiB	36.5 TiB
1326978453	2	0	42.5 TiB	36.5 TiB
1326980233	2	0	42.5 TiB	36.5 TiB
1326982245	2	0	42.5 TiB	36.5 TiB
1326983862	2	0	42.5 TiB	36.5 TiB
1326985623	2	1	42.5 TiB	36.5 TiB
1326987393	2	0	42.5 TiB	36.5 TiB
1326989193	2	0	42.5 TiB	36.5 TiB
1326991053	2	0	42.5 TiB	36.5 TiB
1326992803	2	0	42.5 TiB	36.5 TiB
1326994603	2	0	42.5 TiB	36.5 TiB
1326996413	2	0	42.5 TiB	36.5 TiB
1326998183	2	0	42.5 TiB	36.5 TiB
1326999983	2	0	42.5 TiB	36.5 TiB
1327001783	2	1	42.5 TiB	36.5 TiB
1327003612	2	0	42.5 TiB	36.5 TiB
1327005382	2	0	42.5 TiB	36.5 TiB
1327007193	2	0	42.5 TiB	36.5 TiB
1327009032	2	0	42.5 TiB	36.5 TiB
1327010793	2	0	42.5 TiB	36.5 TiB
1327012583	2	0	42.5 TiB	36.5 TiB
1327014372	2	0	42.5 TiB	36.5 TiB
1327016277	2	1	42.5 TiB	36.5 TiB
1327017962	2	0	42.5 TiB	36.5 TiB
1327019763	2	0	42.5 TiB	36.5 TiB
1327021563	2	0	42.5 TiB	36.5 TiB
1327023362	2	0	42.5 TiB	36.5 TiB
1327025162	2	0	42.5 TiB	36.5 TiB
1327026962	2	0	42.5 TiB	36.5 TiB
1327028763	2	0	42.5 TiB	36.5 TiB
1327030563	2	0	42.5 TiB	36.5 TiB
1327032392	2	1	42.5 TiB	36.5 TiB
1327034165	2	0	42.5 TiB	36.5 TiB
1327035974	2	0	42.5 TiB	36.5 TiB
1327037763	2	0	42.5 TiB	36.5 TiB
1327039562	2	0	42.5 TiB	36.5 TiB
1327041363	2	0	42.5 TiB	36.5 TiB
1327043173	2	0	42.5 TiB	36.5 TiB
1327045585	2	0	42.5 TiB	36.5 TiB
1327046762	2	0	42.5 TiB	36.5 TiB
1327048563	2	1	42.5 TiB	36.5 TiB
1327050373	2	0	42.5 TiB	36.5 TiB
1327052171	2	0	42.5 TiB	36.5 TiB
1327053993	2	0	42.5 TiB	36.5 TiB
1327055793	2	0	42.5 TiB	36.5 TiB
1327057575	2	0	42.5 TiB	36.5 TiB
1327059376	2	0	42.5 TiB	36.5 TiB
1327061163	2	0	42.5 TiB	36.5 TiB
1327062963	2	1	42.5 TiB	36.5 TiB
1327064878	2	0	42.5 TiB	36.5 TiB
1327066563	2	0	42.5 TiB	36.5 TiB
1327068362	2	0	42.5 TiB	36.5 TiB
1327070283	2	0	42.5 TiB	36.5 TiB
1327072083	2	0	42.5 TiB	36.5 TiB
1327073883	2	0	42.5 TiB	36.5 TiB
1327075572	2	0	42.5 TiB	36.5 TiB
1327077373	2	1	42.5 TiB	36.5 TiB
1327079213	2	0	42.5 TiB	36.5 TiB
1327080967	2	0	42.5 TiB	36.5 TiB
1327082777	2	0	42.5 TiB	36.5 TiB
1327084563	2	0	42.5 TiB	36.5 TiB
1327086426	2	0	42.5 TiB	36.5 TiB
1327088176	2	0	42.5 TiB	36.5 TiB
1327089978	2	0	42.5 TiB	36.5 TiB
1327091795	2	1	42.5 TiB	36.5 TiB
1327093636	2	0	42.5 TiB	36.5 TiB
1327095389	2	0	42.5 TiB	36.5 TiB
1327097200	2	0	42.5 TiB	36.5 TiB
1327098991	2	0	42.5 TiB	36.5 TiB
1327100883	2	0	42.5 TiB	36.5 TiB
1327102632	2	0	42.5 TiB	36.5 TiB
1327104423	2	0	42.5 TiB	36.5 TiB
1327106182	2	0	42.5 TiB	36.5 TiB
1327107963	2	1	42.5 TiB	36.5 TiB
1327109775	2	0	42.5 TiB	36.5 TiB
1327111585	2	0	42.5 TiB	36.5 TiB
1327113387	2	0	42.5 TiB	36.5 TiB
1327115173	2	0	42.5 TiB	36.5 TiB
1327117014	2	0	42.5 TiB	36.5 TiB
1327118773	2	0	42.5 TiB	36.5 TiB
1327120618	2	0	42.5 TiB	36.5 TiB
1327122461	2	1	42.5 TiB	36.5 TiB
1327124249	2	0	42.5 TiB	36.5 TiB
1327126073	2	0	42.5 TiB	36.5 TiB
1327127856	2	0	42.5 TiB	36.5 TiB
1327129662	2	0	42.5 TiB	36.5 TiB
1327131460	2	0	42.5 TiB	36.5 TiB
1327133278	2	0	42.5 TiB	36.5 TiB
1327135070	2	0	42.5 TiB	36.5 TiB
1327136865	2	1	42.5 TiB	36.5 TiB
1327138647	2	0	42.5 TiB	36.5 TiB
1327140461	2	0	42.5 TiB	36.5 TiB
1327142254	2	0	42.5 TiB	36.5 TiB
1327144070	2	0	42.5 TiB	36.5 TiB
1327145866	2	0	42.5 TiB	36.5 TiB
1327147659	2	0	42.5 TiB	36.5 TiB
1327149402	2	0	42.5 TiB	36.5 TiB
1327151253	2	0	42.5 TiB	36.5 TiB
1327153060	2	1	42.5 TiB	36.5 TiB
1327154886	2	0	42.5 TiB	36.5 TiB
1327156664	2	0	42.5 TiB	36.5 TiB
1327158468	2	0	42.5 TiB	36.5 TiB
1327160249	2	0	42.5 TiB	36.5 TiB
1327162064	2	0	42.5 TiB	36.5 TiB
1327163848	2	0	42.5 TiB	36.5 TiB
1327165665	2	0	42.5 TiB	36.5 TiB
1327167464	2	1	42.5 TiB	36.5 TiB
1327169262	2	0	42.5 TiB	36.5 TiB
1327171059	2	0	42.5 TiB	36.5 TiB
1327172859	2	0	42.5 TiB	36.5 TiB
1327174672	2	0	42.5 TiB	36.5 TiB
1327176471	2	0	42.5 TiB	36.5 TiB
1327178270	2	0	42.5 TiB	36.5 TiB
1327180066	2	0	42.5 TiB	36.5 TiB
1327181848	2	0	42.5 TiB	36.5 TiB
1327183673	2	1	42.5 TiB	36.5 TiB
1327185415	2	0	42.5 TiB	36.5 TiB
1327187269	2	0	42.5 TiB	36.5 TiB
1327189065	2	0	42.5 TiB	36.5 TiB
1327190856	2	0	42.5 TiB	36.5 TiB
1327192655	2	0	42.5 TiB	36.5 TiB
1327194468	2	0	42.5 TiB	36.5 TiB
1327196256	2	0	42.5 TiB	36.5 TiB
1327198053	2	0	42.5 TiB	36.5 TiB
1327199843	2	1	42.5 TiB	36.5 TiB
1327201683	2	0	42.5 TiB	36.5 TiB
1327203444	2	0	42.5 TiB	36.5 TiB
1327205256	2	0	42.5 TiB	36.5 TiB
1327207041	2	0	42.5 TiB	36.5 TiB
1327208850	2	0	42.5 TiB	36.5 TiB
1327210649	2	0	42.5 TiB	36.5 TiB
1327212467	2	0	42.5 TiB	36.5 TiB
1327214252	2	1	42.5 TiB	36.5 TiB
1327216057	2	0	42.5 TiB	36.5 TiB
1327217855	2	0	42.5 TiB	36.5 TiB
1327219664	2	0	42.5 TiB	36.5 TiB
1327221443	2	0	42.5 TiB	36.5 TiB
1327223251	2	0	42.5 TiB	36.5 TiB
1327225045	2	0	42.5 TiB	36.5 TiB
1327226864	2	0	42.5 TiB	36.5 TiB
1327228670	2	1	42.5 TiB	36.5 TiB
1327230469	2	0	42.5 TiB	36.5 TiB
1327232256	2	0	42.5 TiB	36.5 TiB
1327234060	2	0	42.5 TiB	36.5 TiB
1327235860	2	0	42.5 TiB	36.5 TiB
1327237660	2	0	42.5 TiB	36.5 TiB
1327239452	2	0	42.5 TiB	36.5 TiB
1327241257	2	0	42.5 TiB	36.5 TiB
1327243038	2	0	42.5 TiB	36.5 TiB
1327244862	2	1	42.5 TiB	36.5 TiB
1327246642	2	0	42.5 TiB	36.5 TiB
1327248473	2	0	42.5 TiB	36.5 TiB
1327250238	2	0	42.5 TiB	36.5 TiB
1327252059	2	0	42.5 TiB	36.5 TiB
1327253852	2	0	42.5 TiB	36.5 TiB
1327255663	2	0	42.5 TiB	36.5 TiB
1327257452	2	0	42.5 TiB	36.5 TiB
1327259263	2	1	42.5 TiB	36.5 TiB
1327261051	2	0	42.5 TiB	36.5 TiB
1327262867	2	0	42.5 TiB	36.5 TiB
1327264675	2	0	42.5 TiB	36.5 TiB
1327266466	2	0	42.5 TiB	36.5 TiB
1327268252	2	0	42.5 TiB	36.5 TiB
1327270078	2	0	42.5 TiB	36.5 TiB
1327271871	2	0	42.5 TiB	36.5 TiB
1327273684	2	1	42.5 TiB	36.5 TiB
1327275470	2	0	42.5 TiB	36.5 TiB
1327277275	2	0	42.5 TiB	36.5 TiB
1327279077	2	0	42.5 TiB	36.5 TiB
1327280876	2	0	42.5 TiB	36.5 TiB
1327282678	2	0	42.5 TiB	36.5 TiB
1327284480	2	0	42.5 TiB	36.5 TiB
1327286273	2	0	42.5 TiB	36.5 TiB
1327288083	2	1	42.5 TiB	36.5 TiB
1327289865	2	0	42.5 TiB	36.5 TiB
1327291669	2	0	42.5 TiB	36.5 TiB
1327293453	2	0	42.5 TiB	36.5 TiB
1327295261	2	0	42.5 TiB	36.5 TiB
1327297055	2	0	42.5 TiB	36.5 TiB
1327298872	2	0	42.5 TiB	36.5 TiB
1327300665	2	0	42.5 TiB	36.5 TiB
1327302470	2	0	42.5 TiB	36.5 TiB
1327304163	2	1	42.5 TiB	36.5 TiB
1327305963	2	0	42.5 TiB	36.5 TiB
1327307807	2	0	42.5 TiB	36.5 TiB
1327309604	2	0	42.5 TiB	36.5 TiB
1327311385	2	0	42.5 TiB	36.5 TiB
1327313223	2	0	42.5 TiB	36.5 TiB
1327314983	2	0	42.5 TiB	36.5 TiB
1327316763	2	0	42.5 TiB	36.5 TiB
1327318563	2	1	42.5 TiB	36.5 TiB
1327320363	2	0	42.5 TiB	36.5 TiB
1327322163	2	0	42.5 TiB	36.5 TiB
1327323963	2	0	42.5 TiB	36.5 TiB
1327325793	2	0	42.5 TiB	36.5 TiB
1327327565	2	0	42.5 TiB	36.5 TiB
1327329363	2	0	42.5 TiB	36.5 TiB
1327331163	2	0	42.5 TiB	36.5 TiB
1327332973	2	1	42.5 TiB	36.5 TiB
1327334774	2	0	42.5 TiB	36.5 TiB
1327336563	2	0	42.5 TiB	36.5 TiB
1327338374	2	0	42.5 TiB	36.5 TiB
1327340183	2	0	42.5 TiB	36.5 TiB
1327341973	2	0	42.5 TiB	36.5 TiB
1327343793	2	0	42.5 TiB	36.5 TiB
1327345603	2	0	42.5 TiB	36.5 TiB
1327347393	2	1	41.5 TiB	36.5 TiB
1327349183	2	0	40.1 TiB	36.5 TiB
1327356491	2	0	36.5 TiB	30.8 TiB
1327358173	2	0	36.5 TiB	30.8 TiB
1327360023	2	0	35.3 TiB	30.8 TiB
1327361773	2	0	33.4 TiB	30.8 TiB
1327862233	2	1	25.1 TiB	30.8 TiB
1327864060	2	0	25.1 TiB	30.8 TiB
1327865883	2	0	25.1 TiB	30.8 TiB
1327867593	2	0	25.0 TiB	30.8 TiB
1327869482	2	0	25.0 TiB	30.8 TiB
1327871283	2	0	21.7 TiB	30.8 TiB
1327873083	2	0	19.4 TiB	30.8 TiB
1327874823	2	0	16.9 TiB	30.8 TiB
1327876552	2	0	16.9 TiB	30.8 TiB
1327880105	2	1	16.9 TiB	30.8 TiB
1327880752	2	0	16.9 TiB	30.8 TiB
1327881953	2	0	16.9 TiB	30.8 TiB
1327883752	2	0	16.9 TiB	30.8 TiB
1327885552	2	0	20.4 TiB	30.8 TiB
1327887343	2	0	20.4 TiB	30.8 TiB
1327889151	2	0	20.4 TiB	30.8 TiB
1328195143	2	1	19.7 TiB	30.8 TiB
1328202483	2	0	23.2 TiB	30.8 TiB
1328204283	2	0	19.7 TiB	30.8 TiB
1328205983	2	0	19.7 TiB	30.8 TiB
1328207873	2	0	19.7 TiB	30.8 TiB
1328209667	2	1	19.7 TiB	30.8 TiB
1328211373	2	0	19.7 TiB	30.8 TiB
1328213162	2	0	19.7 TiB	30.8 TiB
1328214952	2	0	19.7 TiB	30.8 TiB
1328216752	2	0	19.7 TiB	30.8 TiB
1328218552	2	0	19.7 TiB	30.8 TiB
1328220352	2	0	19.7 TiB	30.8 TiB
1328222152	2	0	19.7 TiB	30.8 TiB
1328223952	2	0	19.7 TiB	30.8 TiB
1328225743	2	1	19.7 TiB	30.8 TiB
1328227543	2	0	19.7 TiB	30.8 TiB
1328229343	2	0	19.7 TiB	30.8 TiB
1328231143	2	0	19.7 TiB	30.8 TiB
1328232943	2	0	19.7 TiB	30.8 TiB
1328234743	2	0	19.7 TiB	30.8 TiB
1328236543	2	0	19.7 TiB	30.8 TiB
1328238343	2	0	19.7 TiB	30.8 TiB
1328240142	2	1	19.7 TiB	30.8 TiB
1328241943	2	0	19.7 TiB	30.8 TiB
1328243743	2	0	19.7 TiB	30.8 TiB
1328290563	2	1	19.7 TiB	30.8 TiB
1328292362	2	0	19.7 TiB	30.8 TiB
1328294153	2	0	19.7 TiB	30.8 TiB
1328299543	2	0	19.7 TiB	30.8 TiB
1328301327	2	0	0.0 iB	30.8 TiB
1328303128	2	0	0.0 iB	30.8 TiB
1328304932	2	0	0.0 iB	30.8 TiB
1328306730	2	1	0.0 iB	30.8 TiB
1328308526	2	0	0.0 iB	30.8 TiB
1328310327	2	0	0.0 iB	30.8 TiB
1328312126	2	0	0.0 iB	30.8 TiB
1328313949	2	0	0.0 iB	30.8 TiB
1328315726	2	0	0.0 iB	30.8 TiB
1328317529	2	0	0.0 iB	30.8 TiB
1328319328	2	0	0.0 iB	30.8 TiB
1328321129	2	1	0.0 iB	30.8 TiB
1328322925	2	0	0.0 iB	30.8 TiB
1328324728	2	0	0.0 iB	30.8 TiB
1328326523	2	0	0.0 iB	30.8 TiB
1328328483	2	0	0.0 iB	30.8 TiB
1328821684	2	1	30.6 TiB	26.8 TiB
1328823484	2	0	30.6 TiB	26.8 TiB
1328825284	2	0	30.6 TiB	26.8 TiB
1328827084	2	0	30.6 TiB	26.8 TiB
1328828884	2	0	30.6 TiB	26.8 TiB
1328830948	2	0	30.6 TiB	26.8 TiB
1328832484	2	0	30.6 TiB	26.8 TiB
1328834284	2	0	30.6 TiB	26.8 TiB
1328836084	2	1	30.6 TiB	26.8 TiB
1328837904	2	0	30.6 TiB	26.8 TiB
1328839684	2	0	30.6 TiB	26.8 TiB
1328841626	2	0	30.6 TiB	26.8 TiB
1328843283	2	0	30.6 TiB	26.8 TiB
1328845084	2	0	30.6 TiB	26.8 TiB
1328846884	2	0	30.6 TiB	26.8 TiB
1328848684	2	0	30.6 TiB	26.8 TiB
1328850483	2	1	30.6 TiB	26.8 TiB
1328852284	2	0	30.6 TiB	26.8 TiB
1328854126	2	0	30.6 TiB	26.8 TiB
1328855884	2	0	30.6 TiB	26.8 TiB
1328918886	2	1	26.8 TiB	28.1 TiB
1328920685	2	0	26.8 TiB	28.5 TiB
1328922489	2	0	27.1 TiB	28.7 TiB
1328924288	2	0	27.1 TiB	29.0 TiB
1328926088	2	0	27.1 TiB	29.4 TiB
1328927886	2	0	27.1 TiB	29.7 TiB
1328929687	2	0	27.1 TiB	30.0 TiB
1328931489	2	0	27.1 TiB	30.3 TiB
1328933286	2	1	27.1 TiB	30.6 TiB
1328935084	2	0	27.1 TiB	30.8 TiB
1328936884	2	0	27.1 TiB	30.8 TiB
1328938684	2	0	27.1 TiB	30.8 TiB
1328940485	2	0	27.1 TiB	30.8 TiB
1328942284	2	0	27.1 TiB	30.8 TiB
1328944084	2	0	30.2 TiB	30.8 TiB
1328945885	2	0	30.2 TiB	30.8 TiB
1328947684	2	1	30.2 TiB	30.8 TiB
1328949484	2	0	30.2 TiB	30.8 TiB
1328951284	2	0	30.2 TiB	30.8 TiB
1328953084	2	0	30.2 TiB	30.8 TiB
1328954885	2	0	30.2 TiB	30.8 TiB
1328956684	2	0	30.2 TiB	30.8 TiB
1328958484	2	0	30.2 TiB	30.8 TiB
1328960284	2	0	30.2 TiB	30.8 TiB
1328962085	2	1	30.2 TiB	30.8 TiB
1328963884	2	0	30.2 TiB	30.8 TiB
1329260943	2	1	30.8 TiB	30.9 TiB
1329262684	2	0	30.8 TiB	31.3 TiB
1329264483	2	0	30.8 TiB	31.3 TiB
1329266285	2	0	30.8 TiB	31.3 TiB
1329268088	2	0	30.8 TiB	31.3 TiB
1329269891	2	0	30.8 TiB	31.8 TiB
1329271684	2	0	30.8 TiB	32.0 TiB
1329273488	2	0	30.8 TiB	32.3 TiB
1329275286	2	0	30.8 TiB	32.7 TiB
1329277085	2	1	30.8 TiB	33.2 TiB
1329278883	2	0	30.8 TiB	33.7 TiB
1329280684	2	0	30.8 TiB	33.7 TiB
1329282484	2	0	30.8 TiB	33.7 TiB
1329284284	2	0	30.8 TiB	33.7 TiB
1329286083	2	0	30.8 TiB	33.7 TiB
1329287884	2	0	30.8 TiB	33.7 TiB
1329289683	2	0	31.4 TiB	33.7 TiB
1329291484	2	1	31.4 TiB	33.7 TiB
1329293284	2	0	31.4 TiB	33.7 TiB
1329295084	2	0	31.4 TiB	33.7 TiB
1329296884	2	0	31.4 TiB	33.7 TiB
1329298684	2	0	31.4 TiB	33.7 TiB
1329300483	2	0	31.4 TiB	33.7 TiB
1329302284	2	0	31.4 TiB	33.7 TiB
1329304084	2	0	31.4 TiB	33.7 TiB
1329305884	2	1	31.4 TiB	33.7 TiB
1329307683	2	0	31.4 TiB	33.7 TiB
1329309484	2	0	31.4 TiB	33.7 TiB
1329311284	2	0	23.4 TiB	33.7 TiB
1329313084	2	0	23.4 TiB	33.7 TiB
1329314883	2	0	23.4 TiB	33.7 TiB
1329316684	2	0	23.4 TiB	33.7 TiB
1329318484	2	0	23.4 TiB	33.7 TiB
1329320284	2	1	23.4 TiB	33.7 TiB
1329322083	2	0	23.4 TiB	33.7 TiB
1329323883	2	0	23.4 TiB	33.7 TiB
1329325683	2	0	23.4 TiB	33.7 TiB
1329327484	2	0	23.4 TiB	33.7 TiB
1329329283	2	0	23.4 TiB	33.7 TiB
1329331083	2	0	23.4 TiB	33.7 TiB
1329333027	2	0	23.4 TiB	33.7 TiB
1329334684	2	1	23.4 TiB	33.7 TiB
1329336549	2	0	23.4 TiB	33.7 TiB
1329338283	2	0	23.4 TiB	33.7 TiB
1329340086	2	0	23.4 TiB	33.7 TiB
1329341884	2	0	23.4 TiB	33.7 TiB
1329343684	2	0	23.4 TiB	33.8 TiB
1329345485	2	0	23.4 TiB	33.9 TiB
1329347284	2	0	23.4 TiB	34.1 TiB
1329349083	2	1	23.4 TiB	34.1 TiB
1329350883	2	0	23.4 TiB	34.1 TiB
1329352702	2	0	23.4 TiB	34.1 TiB
1329354484	2	0	23.4 TiB	34.1 TiB
1329356284	2	0	23.4 TiB	34.1 TiB
1329358083	2	0	23.4 TiB	34.1 TiB
1329359883	2	0	23.4 TiB	34.1 TiB
1329361683	2	0	23.4 TiB	34.1 TiB
1329363483	2	1	23.4 TiB	34.1 TiB
1329365284	2	0	23.4 TiB	34.1 TiB
1329367084	2	0	23.4 TiB	34.1 TiB
1329368884	2	0	23.4 TiB	34.1 TiB
1329370683	2	0	23.4 TiB	34.1 TiB
1329372483	2	0	23.4 TiB	34.1 TiB
1329374284	2	0	23.4 TiB	34.1 TiB
1329570484	2	1	28.4 TiB	34.1 TiB
1329572284	2	0	28.4 TiB	34.1 TiB
1329574084	2	0	28.4 TiB	34.1 TiB
1329575883	2	0	28.4 TiB	34.1 TiB
1329577684	2	0	28.4 TiB	34.1 TiB
1329579484	2	0	28.4 TiB	34.1 TiB
1329581285	2	0	28.4 TiB	34.1 TiB
1329583084	2	0	28.4 TiB	34.1 TiB
1329584884	2	1	28.4 TiB	34.1 TiB
1329586684	2	0	28.4 TiB	34.1 TiB
1329588484	2	0	28.4 TiB	34.1 TiB
1329590284	2	0	28.4 TiB	34.1 TiB
1330434339	2	1	5.2 GiB	34.1 TiB
1330436138	2	0	5.2 GiB	34.1 TiB
1330437976	2	0	5.2 GiB	34.1 TiB
1330439776	2	0	5.2 GiB	34.1 TiB
1330441539	2	0	5.2 GiB	34.1 TiB
1330443391	2	0	5.2 GiB	34.1 TiB
1330445189	2	0	5.2 GiB	34.1 TiB
1330446934	2	0	5.2 GiB	34.1 TiB
1330448824	2	1	5.2 GiB	34.1 TiB
1330450609	2	0	5.2 GiB	34.1 TiB
1330452343	2	0	5.2 GiB	34.1 TiB
1330454220	2	0	5.2 GiB	34.1 TiB
1330456238	2	0	9.1 TiB	34.1 TiB
1330457955	2	0	9.1 TiB	34.1 TiB
1330459979	2	0	9.1 TiB	34.1 TiB
1330461568	2	0	9.1 TiB	34.1 TiB
1330463203	2	0	9.1 TiB	34.1 TiB
1330465022	2	1	9.1 TiB	34.1 TiB
1330466819	2	0	9.1 TiB	34.1 TiB
1330468636	2	0	9.1 TiB	34.1 TiB
1330470364	2	0	9.1 TiB	34.1 TiB
1330472203	2	0	9.1 TiB	34.1 TiB
1330474024	2	0	9.1 TiB	34.1 TiB
1330475727	2	0	9.1 TiB	34.1 TiB
1331060872	2	1	0.0 iB	34.1 TiB
1331062532	2	0	0.0 iB	34.1 TiB
1331064326	2	0	0.0 iB	34.1 TiB
1331066155	2	0	0.0 iB	34.1 TiB
1331068058	2	0	0.0 iB	34.1 TiB
1331069728	2	0	0.0 iB	34.1 TiB
1331071528	2	0	0.0 iB	34.1 TiB
1331073329	2	0	0.0 iB	34.1 TiB
1331075132	2	0	0.0 iB	34.1 TiB
1331076929	2	1	0.0 iB	34.1 TiB
1331078727	2	0	0.0 iB	34.1 TiB
1331080527	2	0	0.0 iB	34.1 TiB
1331082327	2	0	0.0 iB	34.1 TiB
1331084128	2	0	0.0 iB	34.1 TiB
1331085966	2	0	0.0 iB	34.1 TiB
1331087737	2	0	0.0 iB	34.1 TiB
1331089535	2	0	0.0 iB	34.1 TiB
1331091326	2	1	0.0 iB	34.1 TiB
1331093127	2	0	0.0 iB	34.1 TiB
1331094925	2	0	0.0 iB	34.1 TiB
1331096728	2	0	0.0 iB	34.1 TiB
1331098527	2	0	0.0 iB	34.1 TiB
1331100329	2	0	0.0 iB	34.1 TiB
1331102127	2	0	0.0 iB	34.1 TiB
1331327133	2	1	34.1 TiB	21.4 TiB
1331329227	2	0	34.1 TiB	21.4 TiB
1331330913	2	0	34.1 TiB	21.4 TiB
1331332818	2	0	34.1 TiB	21.4 TiB
1331334330	2	0	34.1 TiB	21.4 TiB
1331336128	2	0	34.1 TiB	21.4 TiB
1331337928	2	0	34.1 TiB	21.4 TiB
1331339962	2	0	34.1 TiB	21.5 TiB
1331341544	2	1	34.1 TiB	22.1 TiB
1331343329	2	0	34.1 TiB	22.4 TiB
1331345128	2	0	34.1 TiB	22.4 TiB
1331346929	2	0	34.1 TiB	22.4 TiB
1331348727	2	0	34.1 TiB	22.4 TiB
1331350528	2	0	34.1 TiB	22.4 TiB
1331352327	2	0	34.1 TiB	22.4 TiB
1331354126	2	0	34.1 TiB	22.4 TiB
1331355927	2	0	34.1 TiB	22.4 TiB
1331357728	2	1	34.1 TiB	22.4 TiB
1331359832	2	0	34.1 TiB	22.4 TiB
1331361336	2	0	34.1 TiB	22.4 TiB
1331363313	2	0	22.2 TiB	22.4 TiB
1331364928	2	0	22.2 TiB	22.4 TiB
1331366727	2	0	22.2 TiB	22.4 TiB
1331368530	2	0	22.2 TiB	22.4 TiB
1331370328	2	0	22.2 TiB	22.4 TiB
1331372129	2	1	22.2 TiB	22.4 TiB
1331373934	2	0	22.2 TiB	22.4 TiB
1331375731	2	0	22.2 TiB	22.4 TiB
1331377535	2	0	22.2 TiB	22.4 TiB
1331379329	2	0	22.2 TiB	22.4 TiB
1331381128	2	0	22.2 TiB	22.4 TiB
1331382929	2	0	22.2 TiB	22.4 TiB
1332482788	2	1	13.4 TiB	22.4 TiB
1332484530	2	0	13.4 TiB	22.4 TiB
1332486343	2	0	13.4 TiB	22.4 TiB
1332488127	2	0	13.4 TiB	22.4 TiB
1332489927	2	0	13.4 TiB	22.4 TiB
1332491736	2	0	13.4 TiB	22.4 TiB
1332493534	2	0	13.4 TiB	22.4 TiB
1332495343	2	0	13.4 TiB	22.4 TiB
1332497152	2	0	13.4 TiB	22.4 TiB
1332498936	2	1	13.4 TiB	22.4 TiB
1332500743	2	0	13.4 TiB	22.4 TiB
1332502594	2	0	13.4 TiB	22.4 TiB
1332504327	2	0	19.4 TiB	22.4 TiB
1332506144	2	0	19.4 TiB	22.4 TiB
1332507929	2	0	19.4 TiB	22.4 TiB
1332509828	2	0	19.4 TiB	22.4 TiB
1332511606	2	0	19.4 TiB	22.4 TiB
1332513334	2	1	19.4 TiB	22.4 TiB
1332515135	2	0	19.4 TiB	22.4 TiB
1332516934	2	0	19.4 TiB	22.4 TiB
1332518734	2	0	19.4 TiB	22.4 TiB
1332520526	2	0	19.4 TiB	22.4 TiB
1332522336	2	0	19.4 TiB	22.4 TiB
1332524126	2	0	19.4 TiB	22.4 TiB
1332525930	2	0	19.4 TiB	22.4 TiB
1332527730	2	1	19.4 TiB	22.4 TiB
1332529866	2	0	19.4 TiB	22.4 TiB
1332531333	2	0	19.4 TiB	22.4 TiB
1332533129	2	0	19.4 TiB	22.4 TiB
1332534928	2	0	19.4 TiB	22.4 TiB
1332536762	2	0	19.4 TiB	22.4 TiB
1332538561	2	0	19.4 TiB	22.4 TiB
1332540386	2	0	19.4 TiB	22.4 TiB
1332542135	2	1	19.4 TiB	22.4 TiB
1332543931	2	0	19.4 TiB	22.4 TiB
1332545731	2	0	19.4 TiB	22.4 TiB
1333713925	2	1	22.5 TiB	3.1 GiB
1333715727	2	0	22.5 TiB	3.1 GiB
1333717527	2	0	22.5 TiB	3.1 GiB
1333719327	2	0	22.5 TiB	3.1 GiB
1333721200	2	0	22.5 TiB	3.1 GiB
1333723045	2	0	22.5 TiB	3.1 GiB
1333724728	2	0	22.5 TiB	3.1 GiB
1333726528	2	0	22.5 TiB	3.1 GiB
1333728327	2	1	22.5 TiB	3.1 GiB
1333730127	2	0	22.5 TiB	3.1 GiB
1333732042	2	0	22.5 TiB	3.1 GiB
1333733729	2	0	22.5 TiB	3.1 GiB
1333735527	2	0	26.3 GiB	3.1 GiB
1333737731	2	0	26.3 GiB	3.1 GiB
1333739130	2	0	26.3 GiB	3.1 GiB
1333741017	2	0	26.3 GiB	3.1 GiB
1333742729	2	1	26.3 GiB	3.1 GiB
1333744644	2	0	26.3 GiB	3.1 GiB
1333746331	2	0	26.3 GiB	3.1 GiB
1333748128	2	0	26.3 GiB	3.1 GiB
1333749929	2	0	26.3 GiB	3.1 GiB
1333751730	2	0	26.3 GiB	3.1 GiB
1333753529	2	0	26.3 GiB	3.1 GiB
1333755338	2	0	26.3 GiB	3.1 GiB
1333757127	2	1	26.3 GiB	3.1 GiB
1333758928	2	0	26.3 GiB	3.1 GiB
1333760745	2	0	26.3 GiB	3.1 GiB
1333762575	2	0	26.3 GiB	3.1 GiB
1333764331	2	0	26.3 GiB	3.1 GiB
1333766129	2	0	26.3 GiB	3.1 GiB
1333767940	2	0	26.3 GiB	3.1 GiB
1333769729	2	0	26.3 GiB	3.1 GiB
1333771764	2	1	26.3 GiB	3.1 GiB
1333773764	2	0	26.3 GiB	3.1 GiB
1333775128	2	0	26.3 GiB	3.1 GiB
1333776927	2	0	26.3 GiB	3.1 GiB
1333778767	2	0	26.3 GiB	3.1 GiB
1333780528	2	0	26.3 GiB	3.1 GiB
1333782328	2	0	26.3 GiB	3.1 GiB
1333784126	2	0	26.3 GiB	3.1 GiB
1333785927	2	0	26.3 GiB	3.1 GiB
1333787824	2	1	26.3 GiB	3.1 GiB
1333789529	2	0	26.3 GiB	3.1 GiB
1333791328	2	0	26.3 GiB	3.1 GiB
1333793129	2	0	26.3 GiB	3.1 GiB
1333794928	2	0	26.3 GiB	3.1 GiB
1333796728	2	0	26.3 GiB	3.1 GiB
1333798528	2	0	26.3 GiB	3.1 GiB
1333800328	2	0	26.3 GiB	3.1 GiB
1333802128	2	0	26.3 GiB	3.1 GiB
1333803929	2	1	26.3 GiB	3.1 GiB
1333805727	2	0	26.3 GiB	3.1 GiB
1333807531	2	0	26.3 GiB	3.1 GiB
1333809327	2	0	26.3 GiB	3.1 GiB
1333811315	2	0	26.3 GiB	3.1 GiB
1333812928	2	0	26.3 GiB	3.1 GiB
1333814729	2	0	26.3 GiB	3.1 GiB
1335315945	2	1	2.7 TiB	3.3 TiB
1335317953	2	0	2.7 TiB	3.5 TiB
1335319750	2	0	2.7 TiB	3.5 TiB
1335321377	2	0	2.7 TiB	3.8 TiB
1335323193	2	0	2.7 TiB	4.0 TiB
1335325072	2	0	2.7 TiB	4.3 TiB
1335326872	2	0	2.7 TiB	4.7 TiB
1335328672	2	0	2.7 TiB	5.0 TiB
1335330472	2	1	2.7 TiB	5.0 TiB
1335332272	2	0	2.7 TiB	5.0 TiB
1335334814	2	0	2.7 TiB	5.0 TiB
1335335906	2	0	2.7 TiB	5.0 TiB
1335337673	2	0	2.7 TiB	5.0 TiB
1335339473	2	0	2.7 TiB	5.0 TiB
1335341273	2	0	2.7 TiB	5.0 TiB
1335343263	2	0	2.7 TiB	5.0 TiB
1335345204	2	1	2.7 TiB	5.0 TiB
1335346672	2	0	2.7 TiB	5.0 TiB
1335348496	2	0	2.7 TiB	5.0 TiB
1335350272	2	0	2.7 TiB	5.0 TiB
1335352072	2	0	2.7 TiB	5.0 TiB
1335353998	2	0	2.7 TiB	5.0 TiB
1335355808	2	0	2.7 TiB	5.0 TiB
1335357952	2	0	2.7 TiB	5.0 TiB
1335359178	2	0	2.7 TiB	5.1 TiB
1335360941	2	1	2.7 TiB	5.4 TiB
1335362764	2	0	2.7 TiB	5.8 TiB
1335364619	2	0	2.7 TiB	6.0 TiB
1335366361	2	0	2.7 TiB	6.3 TiB
1335368319	2	0	2.7 TiB	6.6 TiB
1335369963	2	0	2.7 TiB	7.0 TiB
1335371741	2	0	2.7 TiB	7.4 TiB
1335373577	2	0	2.7 TiB	7.7 TiB
1335375334	2	0	2.7 TiB	8.1 TiB
1335377482	2	1	2.7 TiB	8.4 TiB
1335378991	2	0	2.7 TiB	8.4 TiB
1335380758	2	0	2.7 TiB	9.1 TiB
1335382562	2	0	2.7 TiB	9.5 TiB
1335384578	2	0	2.7 TiB	9.8 TiB
1335386221	2	0	2.7 TiB	9.9 TiB
1335387945	2	0	2.7 TiB	10.3 TiB
1335389732	2	0	2.7 TiB	10.8 TiB
1335391611	2	0	2.7 TiB	10.9 TiB
1335393338	2	1	2.7 TiB	11.3 TiB
1335395192	2	0	2.7 TiB	11.7 TiB
1335396932	2	0	2.7 TiB	12.0 TiB
1335398750	2	0	8.7 TiB	12.3 TiB
1335400537	2	0	8.7 TiB	12.6 TiB
1335402339	2	0	8.7 TiB	12.6 TiB
1335404126	2	0	8.7 TiB	12.6 TiB
1335406108	2	0	8.7 TiB	12.6 TiB
1335407743	2	1	8.7 TiB	12.6 TiB
1335409528	2	0	8.7 TiB	12.6 TiB
1335411638	2	0	8.7 TiB	12.6 TiB
1335413171	2	0	8.7 TiB	12.6 TiB
1335414971	2	0	8.7 TiB	12.6 TiB
1335416798	2	0	8.7 TiB	12.6 TiB
1335418534	2	0	8.7 TiB	12.6 TiB
1335467290	2	1	12.9 TiB	13.2 TiB
1335468976	2	0	12.9 TiB	13.5 TiB
1335470916	2	0	12.9 TiB	13.8 TiB
1335472696	2	0	12.9 TiB	14.0 TiB
1335474453	2	0	12.9 TiB	14.2 TiB
1335476158	2	0	12.9 TiB	14.2 TiB
1335477987	2	0	12.9 TiB	14.2 TiB
1335479730	2	0	12.9 TiB	14.2 TiB
1335481539	2	0	12.9 TiB	14.2 TiB
1335648966	2	1	14.3 TiB	14.4 TiB
1335650783	2	0	14.3 TiB	14.7 TiB
1335652570	2	0	14.3 TiB	15.1 TiB
1335654365	2	0	14.3 TiB	15.4 TiB
1335656169	2	0	14.3 TiB	15.6 TiB
1335657965	2	0	14.3 TiB	15.9 TiB
1335659772	2	0	14.3 TiB	16.3 TiB
1335661570	2	0	14.3 TiB	16.6 TiB
1335663374	2	1	14.3 TiB	16.9 TiB
1335665273	2	0	14.3 TiB	17.3 TiB
1335667040	2	0	14.3 TiB	17.6 TiB
1335668767	2	0	14.3 TiB	17.9 TiB
1335670869	2	0	14.3 TiB	18.2 TiB
1335672484	2	0	14.3 TiB	18.5 TiB
1335674175	2	0	14.3 TiB	18.8 TiB
1335676050	2	0	14.3 TiB	19.2 TiB
1335677765	2	0	14.3 TiB	19.4 TiB
1335679544	2	1	16.0 TiB	19.7 TiB
1335681356	2	0	16.0 TiB	19.9 TiB
1335683209	2	0	16.0 TiB	20.3 TiB
1335684966	2	0	16.0 TiB	20.6 TiB
1335686770	2	0	16.0 TiB	21.0 TiB
1335688566	2	0	16.0 TiB	21.0 TiB
1335690393	2	0	16.0 TiB	21.0 TiB
1335692167	2	0	16.0 TiB	21.0 TiB
1335693963	2	1	16.0 TiB	21.0 TiB
1335695867	2	0	16.0 TiB	21.0 TiB
1335697572	2	0	16.0 TiB	21.0 TiB
1335699361	2	0	16.0 TiB	21.0 TiB
1336061160	2	1	21.0 TiB	19.4 TiB
1336062954	2	0	21.0 TiB	19.5 TiB
1336064749	2	0	21.0 TiB	19.5 TiB
1336066550	2	0	21.0 TiB	19.5 TiB
1336068626	2	0	21.0 TiB	19.5 TiB
1336070246	2	0	21.0 TiB	19.5 TiB
1336072079	2	0	21.0 TiB	19.5 TiB
1336073732	2	0	21.0 TiB	19.5 TiB
1336075544	2	0	21.0 TiB	19.5 TiB
1336077340	2	1	21.0 TiB	19.5 TiB
1336079140	2	0	21.0 TiB	19.5 TiB
1336081035	2	0	21.0 TiB	19.5 TiB
1336082735	2	0	21.0 TiB	19.5 TiB
1336084531	2	0	21.0 TiB	19.5 TiB
1336086333	2	0	21.0 TiB	19.5 TiB
1336088146	2	0	21.0 TiB	19.5 TiB
1336464676	2	1	19.5 TiB	0.0 iB
1336466146	2	0	19.5 TiB	0.0 iB
1336467934	2	0	19.5 TiB	0.0 iB
1336469804	2	0	19.5 TiB	0.0 iB
1336472333	2	0	19.5 TiB	0.0 iB
1336473357	2	0	19.5 TiB	0.0 iB
1336475151	2	0	19.5 TiB	0.0 iB
1336476931	2	0	19.5 TiB	0.0 iB
1336478733	2	0	19.5 TiB	0.0 iB
1336480552	2	1	19.5 TiB	0.0 iB
1336482335	2	0	19.5 TiB	0.0 iB
1336484127	2	0	19.5 TiB	0.0 iB
1336485958	2	0	19.5 TiB	0.0 iB
1336488490	2	0	19.5 TiB	0.0 iB
1336489540	2	0	19.5 TiB	0.0 iB
1336491356	2	0	19.5 TiB	0.0 iB
1336493149	2	0	19.5 TiB	0.0 iB
1336494954	2	1	19.5 TiB	0.0 iB
1336496842	2	0	19.5 TiB	0.0 iB
1336498584	2	0	19.5 TiB	0.0 iB
1336500596	2	0	19.5 TiB	0.0 iB
1336502134	2	0	19.5 TiB	0.0 iB
1336504008	2	0	19.5 TiB	0.0 iB
1336505763	2	0	19.5 TiB	0.0 iB
1336507595	2	0	19.5 TiB	0.0 iB
1336509745	2	1	19.5 TiB	0.0 iB
1336511151	2	0	19.5 TiB	0.0 iB
1336512964	2	0	19.5 TiB	0.0 iB
1336514743	2	0	19.5 TiB	0.0 iB
1336516655	2	0	19.5 TiB	0.0 iB
1336518407	2	0	19.5 TiB	0.0 iB
1336520153	2	0	19.5 TiB	0.0 iB
1336522092	2	0	19.5 TiB	0.0 iB
1336523843	2	0	19.5 TiB	0.0 iB
1336525587	2	1	19.5 TiB	0.0 iB
1336527333	2	0	19.5 TiB	0.0 iB
1336529232	2	0	19.5 TiB	0.0 iB
1336530962	2	0	19.5 TiB	0.0 iB
1336532731	2	0	19.5 TiB	0.0 iB
1336534533	2	0	19.5 TiB	0.0 iB
1336536347	2	0	19.5 TiB	0.0 iB
1336538135	2	0	19.5 TiB	0.0 iB
1336539934	2	0	19.5 TiB	0.0 iB
1336541733	2	1	19.5 TiB	0.0 iB
1336543668	2	0	19.5 TiB	0.0 iB
1336545330	2	0	19.5 TiB	0.0 iB
1336547345	2	0	19.5 TiB	0.0 iB
1336548932	2	0	19.5 TiB	0.0 iB
1336550750	2	0	19.5 TiB	0.0 iB
1340388452	2	1	22.4 TiB	22.6 TiB
1340390130	2	0	22.4 TiB	22.8 TiB
1340392098	2	0	22.4 TiB	23.0 TiB
1340393728	2	0	22.4 TiB	23.3 TiB
1340395528	2	0	22.4 TiB	23.4 TiB
1340397399	2	0	22.4 TiB	23.7 TiB
1340399131	2	0	22.4 TiB	23.9 TiB
1340401157	2	0	22.4 TiB	24.0 TiB
1340402729	2	0	22.4 TiB	24.0 TiB
1340404528	2	1	22.4 TiB	24.0 TiB
1340406446	2	0	22.4 TiB	24.0 TiB
1340408166	2	0	22.4 TiB	24.0 TiB
1340496632	2	1	24.0 TiB	18.9 TiB
1340498191	2	0	24.0 TiB	18.9 TiB
1340500007	2	0	24.0 TiB	18.9 TiB
1340501787	2	0	24.0 TiB	18.9 TiB
1340503671	2	0	24.0 TiB	19.1 TiB
1340505373	2	0	24.0 TiB	19.5 TiB
1340507204	2	0	24.0 TiB	19.8 TiB
1340508971	2	0	24.0 TiB	20.1 TiB
1340510824	2	0	24.0 TiB	20.4 TiB
1340512583	2	1	24.0 TiB	20.7 TiB
1340514374	2	0	24.0 TiB	21.0 TiB
1340516163	2	0	24.0 TiB	21.3 TiB
1340518049	2	0	24.0 TiB	21.5 TiB
1340519797	2	0	24.0 TiB	21.9 TiB
1340521589	2	0	24.0 TiB	21.9 TiB
1340523393	2	0	24.0 TiB	21.9 TiB
1340525130	2	0	24.0 TiB	21.9 TiB
1340526930	2	0	24.0 TiB	21.9 TiB
1340528754	2	1	24.0 TiB	21.9 TiB
1340530536	2	0	24.0 TiB	21.9 TiB
1340532339	2	0	24.0 TiB	21.9 TiB
1340534134	2	0	24.0 TiB	21.9 TiB
1340535949	2	0	24.0 TiB	21.9 TiB
1340537736	2	0	24.0 TiB	21.9 TiB
1340539582	2	0	21.5 TiB	21.9 TiB
1340541345	2	0	21.5 TiB	21.9 TiB
1340543817	2	1	21.5 TiB	21.9 TiB
1340544935	2	0	21.5 TiB	21.9 TiB
1340547007	2	0	21.5 TiB	21.9 TiB
1340548537	2	0	21.5 TiB	21.9 TiB
1340550377	2	0	21.5 TiB	21.9 TiB
1340552152	2	0	21.5 TiB	21.9 TiB
1340553965	2	0	21.5 TiB	21.9 TiB
1340556319	2	0	21.5 TiB	21.9 TiB
1340557560	2	0	21.5 TiB	21.9 TiB
1340559335	2	1	21.5 TiB	21.9 TiB
1341176758	2	1	22.0 TiB	17.3 TiB
1341178547	2	0	22.0 TiB	17.3 TiB
1341180365	2	0	22.0 TiB	17.3 TiB
1341182165	2	0	22.0 TiB	17.3 TiB
1341183976	2	0	22.0 TiB	17.3 TiB
1341185746	2	0	22.0 TiB	17.3 TiB
1341345929	2	1	17.3 TiB	17.6 TiB
1341347789	2	0	17.3 TiB	17.9 TiB
1341349529	2	0	17.3 TiB	18.2 TiB
1341351327	2	0	17.3 TiB	18.5 TiB
1341353554	2	0	17.3 TiB	18.7 TiB
1341354930	2	0	17.3 TiB	19.0 TiB
1341356729	2	0	17.3 TiB	19.0 TiB
1341358529	2	0	17.3 TiB	19.0 TiB
1342713926	2	1	19.1 TiB	7.4 TiB
1342715727	2	0	19.1 TiB	7.4 TiB
1342717534	2	0	19.1 TiB	7.4 TiB
1342719326	2	0	19.1 TiB	7.4 TiB
1342721129	2	0	19.1 TiB	7.4 TiB
1342722927	2	0	19.1 TiB	7.5 TiB
1342724726	2	0	19.1 TiB	7.9 TiB
1342726526	2	0	19.1 TiB	8.2 TiB
1342728328	2	1	19.1 TiB	8.5 TiB
1342730129	2	0	19.1 TiB	8.8 TiB
1342731927	2	0	19.1 TiB	9.1 TiB
1342733727	2	0	19.1 TiB	9.4 TiB
1342735527	2	0	19.1 TiB	9.8 TiB
1342737327	2	0	19.1 TiB	10.1 TiB
1342739126	2	0	19.1 TiB	10.2 TiB
1342740927	2	0	19.1 TiB	10.6 TiB
1342742731	2	1	13.8 TiB	10.9 TiB
1342744526	2	0	13.8 TiB	11.2 TiB
1342746326	2	0	13.8 TiB	11.6 TiB
1342748125	2	0	13.8 TiB	11.9 TiB
1342749932	2	0	13.8 TiB	12.2 TiB
1342751726	2	0	13.8 TiB	12.6 TiB
1342753526	2	0	13.8 TiB	12.8 TiB
1342755327	2	0	13.8 TiB	13.2 TiB
1342757126	2	0	13.8 TiB	13.5 TiB
1342764400	2	1	10.8 TiB	13.8 TiB
1342766336	2	0	10.8 TiB	13.8 TiB
1342767943	2	0	10.8 TiB	13.8 TiB
1342769733	2	0	10.8 TiB	13.8 TiB
1342771535	2	0	10.8 TiB	13.8 TiB
1342773357	2	0	10.8 TiB	13.8 TiB
1342775178	2	0	10.8 TiB	13.8 TiB
1342776926	2	0	10.8 TiB	13.8 TiB
1342778727	2	0	10.8 TiB	13.8 TiB
1342780528	2	1	10.8 TiB	13.8 TiB
1342782327	2	0	10.8 TiB	13.8 TiB
1342784126	2	0	10.8 TiB	13.8 TiB
1342798527	2	1	13.8 TiB	14.0 TiB
1342800327	2	0	13.8 TiB	14.3 TiB
1342802127	2	0	13.8 TiB	14.7 TiB
1342803926	2	0	13.8 TiB	15.0 TiB
1342805727	2	0	13.8 TiB	15.3 TiB
1342807527	2	0	13.8 TiB	15.6 TiB
1342809327	2	0	13.8 TiB	15.7 TiB
1342811131	2	0	13.8 TiB	16.0 TiB
1342812926	2	1	13.8 TiB	16.3 TiB
1342814726	2	0	13.8 TiB	16.6 TiB
1342816525	2	0	13.8 TiB	16.9 TiB
1342818339	2	0	13.8 TiB	17.2 TiB
1342820128	2	0	13.8 TiB	17.4 TiB
1342821926	2	0	13.8 TiB	17.4 TiB
1342823729	2	0	13.8 TiB	17.4 TiB
1342825527	2	0	13.8 TiB	17.4 TiB
1342827330	2	1	13.8 TiB	17.4 TiB
1342829127	2	0	15.7 TiB	17.4 TiB
1342830928	2	0	15.7 TiB	17.4 TiB
1342832727	2	0	15.7 TiB	17.4 TiB
1342834579	2	0	15.7 TiB	17.4 TiB
1342836328	2	0	15.7 TiB	17.4 TiB
1342838127	2	0	15.7 TiB	17.4 TiB
1342839927	2	0	15.7 TiB	17.4 TiB
1342841740	2	1	15.7 TiB	17.4 TiB
1342843525	2	0	15.7 TiB	17.4 TiB
1342845327	2	0	15.7 TiB	17.4 TiB
1342847160	2	0	15.7 TiB	17.4 TiB
1342848928	2	0	15.7 TiB	17.4 TiB
1343253997	2	1	17.4 TiB	7.4 TiB
1343255811	2	0	17.4 TiB	7.4 TiB
1343257603	2	0	17.4 TiB	7.4 TiB
1343259402	2	0	17.4 TiB	7.4 TiB
1343261170	2	0	17.4 TiB	7.4 TiB
1343262993	2	0	17.4 TiB	7.4 TiB
1343264772	2	0	17.4 TiB	7.4 TiB
1343266585	2	0	17.4 TiB	7.4 TiB
1343268390	2	0	17.4 TiB	7.4 TiB
1343270169	2	1	17.4 TiB	7.4 TiB
1343271986	2	0	17.4 TiB	7.4 TiB
1343273824	2	0	17.4 TiB	7.4 TiB
1343275731	2	0	17.4 TiB	7.4 TiB
1343277410	2	0	17.4 TiB	7.4 TiB
1343279171	2	0	17.4 TiB	7.4 TiB
1343280993	2	0	17.4 TiB	7.4 TiB
1343282760	2	0	14.1 TiB	7.4 TiB
1343284666	2	1	14.1 TiB	7.4 TiB
1343286361	2	0	14.1 TiB	7.4 TiB
1343288185	2	0	14.1 TiB	7.4 TiB
1343289989	2	0	14.1 TiB	7.4 TiB
1343291837	2	0	14.1 TiB	7.4 TiB
1343293570	2	0	14.1 TiB	7.4 TiB
1343295369	2	0	14.1 TiB	7.4 TiB
1343297175	2	0	14.1 TiB	7.4 TiB
1343298997	2	0	14.1 TiB	7.4 TiB
1343300786	2	1	14.1 TiB	7.4 TiB
1343302602	2	0	14.1 TiB	7.4 TiB
1343757977	2	1	0.0 iB	7.4 TiB
1343759808	2	0	0.0 iB	7.4 TiB
1343761637	2	0	0.0 iB	7.4 TiB
1343763393	2	0	0.0 iB	7.4 TiB
1343763456	2	0	0.0 iB	7.4 TiB
1343777838	2	1	7.5 TiB	7.7 TiB
1343804827	2	1	8.0 TiB	8.4 TiB
1343806625	2	0	8.0 TiB	8.8 TiB
1343808445	2	0	8.0 TiB	9.3 TiB
1343810272	2	0	8.0 TiB	9.8 TiB
1343812040	2	0	8.0 TiB	10.2 TiB
1343813857	2	0	8.0 TiB	10.7 TiB
1343815645	2	0	8.0 TiB	11.3 TiB
1343817409	2	0	8.0 TiB	11.3 TiB
1343819250	2	1	8.0 TiB	11.3 TiB
1343821096	2	0	8.0 TiB	11.3 TiB
1343862331	2	1	11.3 TiB	11.5 TiB
1343864171	2	0	11.3 TiB	12.0 TiB
1343865930	2	0	12.4 TiB	12.5 TiB
1343867729	2	0	12.4 TiB	13.1 TiB
1343869591	2	0	12.4 TiB	13.7 TiB
1343871327	2	0	12.4 TiB	14.0 TiB
1343873169	2	0	12.4 TiB	14.4 TiB
1343874990	2	0	12.4 TiB	15.0 TiB
1343876730	2	1	12.4 TiB	15.4 TiB
1343878532	2	0	12.4 TiB	15.8 TiB
1343880330	2	0	12.4 TiB	16.4 TiB
1343882129	2	0	12.4 TiB	16.7 TiB
1343883929	2	0	12.4 TiB	17.3 TiB
1343885730	2	0	12.4 TiB	17.8 TiB
1343888187	2	0	18.1 TiB	18.2 TiB
1343889328	2	0	18.1 TiB	18.8 TiB
1343891129	2	1	18.1 TiB	19.3 TiB
1343892931	2	0	18.1 TiB	19.8 TiB
1343894729	2	0	18.1 TiB	20.4 TiB
1343896528	2	0	18.1 TiB	20.6 TiB
1343898331	2	0	18.1 TiB	21.1 TiB
1343900128	2	0	18.1 TiB	21.7 TiB
1343901931	2	0	18.1 TiB	22.2 TiB
1343903729	2	0	18.1 TiB	22.8 TiB
1343905530	2	1	18.1 TiB	23.3 TiB
1343907328	2	0	18.1 TiB	23.9 TiB
1343909128	2	0	24.2 TiB	24.4 TiB
1343911770	2	0	24.2 TiB	24.9 TiB
1343912729	2	0	24.2 TiB	25.4 TiB
1343914538	2	0	24.2 TiB	25.8 TiB
1343916329	2	0	24.2 TiB	25.8 TiB
1343918130	2	0	24.2 TiB	25.8 TiB
1343919991	2	1	24.2 TiB	25.8 TiB
1343921729	2	0	24.2 TiB	25.8 TiB
1343923530	2	0	24.2 TiB	25.8 TiB
1343925337	2	0	24.2 TiB	25.8 TiB
1343927139	2	0	24.2 TiB	25.8 TiB
1343928949	2	0	24.2 TiB	25.8 TiB
1344008128	2	1	25.8 TiB	26.0 TiB
1344009933	2	0	25.8 TiB	26.6 TiB
1344011749	2	0	25.8 TiB	27.2 TiB
1344013547	2	0	25.8 TiB	27.7 TiB
1344015329	2	0	25.8 TiB	28.3 TiB
1344017130	2	0	28.7 TiB	28.8 TiB
1344018984	2	0	28.7 TiB	29.2 TiB
1344020731	2	0	28.7 TiB	29.6 TiB
1344022581	2	1	28.7 TiB	29.9 TiB
1344024331	2	0	28.7 TiB	30.2 TiB
1344026130	2	0	28.7 TiB	30.8 TiB
1344027930	2	0	28.7 TiB	31.0 TiB
1344029784	2	0	28.7 TiB	31.5 TiB
1344031623	2	0	28.7 TiB	31.9 TiB
1344033386	2	0	28.7 TiB	32.3 TiB
1344035189	2	0	28.7 TiB	32.7 TiB
1344036991	2	1	28.7 TiB	32.9 TiB
1344040596	2	0	33.2 TiB	33.6 TiB
1344042465	2	0	33.2 TiB	33.9 TiB
1344044167	2	0	33.2 TiB	34.0 TiB
1344045983	2	0	33.2 TiB	34.4 TiB
1344047769	2	0	33.2 TiB	34.7 TiB
1344049582	2	0	33.2 TiB	35.0 TiB
1344051386	2	0	33.2 TiB	35.4 TiB
1344053230	2	1	33.2 TiB	35.7 TiB
1344054988	2	0	33.2 TiB	36.0 TiB
1344056773	2	0	33.2 TiB	36.4 TiB
1344058578	2	0	33.2 TiB	36.7 TiB
1344060391	2	0	33.2 TiB	37.1 TiB
1344062187	2	0	33.2 TiB	37.3 TiB
1344064031	2	0	33.2 TiB	37.7 TiB
1344065788	2	0	33.2 TiB	37.9 TiB
1344067595	2	0	33.2 TiB	38.2 TiB
1344069373	2	1	33.2 TiB	38.5 TiB
1344071182	2	0	33.2 TiB	38.8 TiB
1344072990	2	0	33.2 TiB	39.1 TiB
1344074810	2	0	33.2 TiB	39.4 TiB
1344076581	2	0	33.2 TiB	39.7 TiB
1344078384	2	0	33.2 TiB	40.1 TiB
1344080201	2	0	33.2 TiB	40.4 TiB
1344081987	2	0	37.6 TiB	40.7 TiB
1344083787	2	1	37.6 TiB	40.9 TiB
1344085598	2	0	37.6 TiB	41.3 TiB
1344087399	2	0	37.6 TiB	41.6 TiB
1344089209	2	0	37.6 TiB	41.8 TiB
1344090997	2	0	37.6 TiB	42.1 TiB
1344092802	2	0	37.6 TiB	42.2 TiB
1344094608	2	0	37.6 TiB	42.2 TiB
1344096399	2	0	37.6 TiB	42.2 TiB
1344098252	2	1	37.6 TiB	42.2 TiB
1344099964	2	0	37.6 TiB	42.2 TiB
1344101780	2	0	37.6 TiB	42.2 TiB
1344353789	2	1	42.3 TiB	41.2 TiB
1344355576	2	0	42.3 TiB	41.2 TiB
1344357367	2	0	42.3 TiB	41.2 TiB
1344359150	2	0	42.3 TiB	41.2 TiB
1344360976	2	0	42.3 TiB	41.2 TiB
1344438330	2	1	41.2 TiB	36.8 TiB
1344440130	2	0	41.2 TiB	36.8 TiB
1344441937	2	0	41.2 TiB	36.8 TiB
1344443729	2	0	41.2 TiB	36.8 TiB
1344445530	2	0	41.2 TiB	36.8 TiB
1344447328	2	0	41.2 TiB	36.8 TiB
1344456354	2	1	36.8 TiB	35.1 TiB
1344458137	2	0	36.8 TiB	20.6 TiB
1344459936	2	0	36.8 TiB	20.6 TiB
1344461731	2	0	36.8 TiB	20.6 TiB
1344463575	2	0	36.8 TiB	20.6 TiB
1344465382	2	0	36.8 TiB	20.6 TiB
1344467154	2	0	36.8 TiB	20.6 TiB
1344468941	2	0	36.8 TiB	20.6 TiB
1344629176	2	1	20.6 TiB	16.7 TiB
1344630965	2	0	20.6 TiB	16.7 TiB
1344632770	2	0	20.6 TiB	16.7 TiB
1344634569	2	0	20.6 TiB	16.7 TiB
1344636370	2	0	20.6 TiB	16.7 TiB
1344638165	2	0	20.6 TiB	16.7 TiB
1344639980	2	0	20.6 TiB	16.7 TiB
1344641774	2	0	20.6 TiB	16.7 TiB
